#INCLUSive Motif Model
#
#The results in this file are NOT complete as long as there is no END-sign at the bottom of this file!
#ID = box_1_1_nACTATAA
#Score = 37.8198
#W = 8
#Consensus = nACTATAA
0.643299	0.167604	0.0111612	0.177935	
0.95351	0.0124987	0.0111612	0.0228297	
0.0228758	0.788028	0.0111612	0.177935	
0.0228758	0.0124987	0.0111612	0.953464	
0.95351	0.0124987	0.0111612	0.0228297	
0.0228758	0.167604	0.0111612	0.798359	
0.95351	0.0124987	0.0111612	0.0228297	
0.95351	0.0124987	0.0111612	0.0228297	

#ID = box_2_1_nGAwTwGT
#Score = 37.9636
#W = 8
#Consensus = nGAwTwGT
0.210655	0.198373	0.56395	0.0270208	
0.0270754	0.0147932	0.931111	0.0270208	
0.761396	0.0147932	0.0132101	0.210601	
0.394236	0.0147932	0.0132101	0.577761	
0.210655	0.0147932	0.0132101	0.761341	
0.577816	0.0147932	0.0132101	0.394181	
0.0270754	0.0147932	0.747531	0.210601	
0.0270754	0.0147932	0.0132101	0.944921	

#ID = box_3_1_TTnAATTA
#Score = 32.7004
#W = 8
#Consensus = TTnAATTA
0.0270754	0.0147932	0.0132101	0.944921	
0.0270754	0.0147932	0.0132101	0.944921	
0.577816	0.198373	0.0132101	0.210601	
0.761396	0.0147932	0.0132101	0.210601	
0.944976	0.0147932	0.0132101	0.0270208	
0.0270754	0.0147932	0.19679	0.761341	
0.0270754	0.0147932	0.0132101	0.944921	
0.761396	0.0147932	0.19679	0.0270208	

#ID = box_4_1_CAnCkATA
#Score = 43.3174
#W = 8
#Consensus = CAnCkATA
0.0270754	0.932694	0.0132101	0.0270208	
0.944976	0.0147932	0.0132101	0.0270208	
0.210655	0.198373	0.0132101	0.577761	
0.0270754	0.932694	0.0132101	0.0270208	
0.0270754	0.0147932	0.56395	0.394181	
0.761396	0.0147932	0.19679	0.0270208	
0.0270754	0.0147932	0.0132101	0.944921	
0.761396	0.0147932	0.19679	0.0270208	

#ID = box_5_1_GsCACrrT
#Score = 38.7196
#W = 8
#Consensus = GsCACrrT
0.210655	0.0147932	0.747531	0.0270208	
0.0270754	0.565534	0.38037	0.0270208	
0.0270754	0.749114	0.0132101	0.210601	
0.944976	0.0147932	0.0132101	0.0270208	
0.0270754	0.749114	0.0132101	0.210601	
0.394236	0.198373	0.38037	0.0270208	
0.394236	0.0147932	0.38037	0.210601	
0.0270754	0.0147932	0.0132101	0.944921	

#ID = box_6_1_AkwrATGA
#Score = 33.7425
#W = 8
#Consensus = AkwrATGA
0.761396	0.0147932	0.0132101	0.210601	
0.0270754	0.0147932	0.56395	0.394181	
0.577816	0.0147932	0.0132101	0.394181	
0.577816	0.0147932	0.38037	0.0270208	
0.761396	0.198373	0.0132101	0.0270208	
0.0270754	0.0147932	0.0132101	0.944921	
0.0270754	0.0147932	0.931111	0.0270208	
0.944976	0.0147932	0.0132101	0.0270208	

#ID = box_7_1_wCAkCkrT
#Score = 38.6032
#W = 8
#Consensus = wCAkCkrT
0.577816	0.0147932	0.0132101	0.394181	
0.0270754	0.932694	0.0132101	0.0270208	
0.944976	0.0147932	0.0132101	0.0270208	
0.0270754	0.0147932	0.38037	0.577761	
0.0270754	0.749114	0.0132101	0.210601	
0.0270754	0.0147932	0.56395	0.394181	
0.394236	0.0147932	0.56395	0.0270208	
0.0270754	0.198373	0.0132101	0.761341	

#ID = box_8_1_CAnsGATw
#Score = 42.7519
#W = 8
#Consensus = CAnsGATw
0.0198041	0.950769	0.00966247	0.0197641	
0.959753	0.0108204	0.00966247	0.0197641	
0.0198041	0.145099	0.278219	0.556878	
0.0198041	0.413656	0.546776	0.0197641	
0.0198041	0.0108204	0.949611	0.0197641	
0.825475	0.0108204	0.143941	0.0197641	
0.0198041	0.0108204	0.278219	0.691156	
0.556918	0.0108204	0.00966247	0.422599	

#ID = box_9_1_CGkTwymn
#Score = 38.044
#W = 8
#Consensus = CGkTwymn
0.210655	0.749114	0.0132101	0.0270208	
0.0270754	0.0147932	0.931111	0.0270208	
0.0270754	0.0147932	0.38037	0.577761	
0.0270754	0.0147932	0.0132101	0.944921	
0.577816	0.0147932	0.0132101	0.394181	
0.0270754	0.381953	0.0132101	0.577761	
0.394236	0.565534	0.0132101	0.0270208	
0.210655	0.381953	0.19679	0.210601	

#ID = box_10_1_nCnwCGrT
#Score = 42.5127
#W = 8
#Consensus = nCnwCGrT
0.177982	0.167604	0.476479	0.177935	
0.0228758	0.943133	0.0111612	0.0228297	
0.643299	0.32271	0.0111612	0.0228297	
0.333087	0.32271	0.0111612	0.333041	
0.0228758	0.943133	0.0111612	0.0228297	
0.177982	0.0124987	0.78669	0.0228297	
0.488193	0.0124987	0.476479	0.0228297	
0.0228758	0.0124987	0.0111612	0.953464	

#ID = box_11_1_TGCnAymr
#Score = 41.0358
#W = 8
#Consensus = TGCnAymr
0.0228758	0.0124987	0.0111612	0.953464	
0.0228758	0.0124987	0.941796	0.0228297	
0.0228758	0.943133	0.0111612	0.0228297	
0.177982	0.167604	0.476479	0.177935	
0.95351	0.0124987	0.0111612	0.0228297	
0.177982	0.477816	0.0111612	0.333041	
0.488193	0.477816	0.0111612	0.0228297	
0.333087	0.0124987	0.631584	0.0228297	

#ID = box_12_1_CnwCkrTA
#Score = 41.6258
#W = 8
#Consensus = CnwCkrTA
0.0228758	0.943133	0.0111612	0.0228297	
0.643299	0.167604	0.166267	0.0228297	
0.488193	0.0124987	0.0111612	0.488147	
0.0228758	0.788028	0.0111612	0.177935	
0.0228758	0.0124987	0.631584	0.333041	
0.333087	0.0124987	0.631584	0.0228297	
0.0228758	0.0124987	0.0111612	0.953464	
0.798405	0.0124987	0.0111612	0.177935	

#ID = box_13_1_TAwTCCTA
#Score = 38.0603
#W = 8
#Consensus = TAwTCCTA
0.0228758	0.167604	0.0111612	0.798359	
0.95351	0.0124987	0.0111612	0.0228297	
0.333087	0.0124987	0.166267	0.488147	
0.177982	0.0124987	0.0111612	0.798359	
0.177982	0.788028	0.0111612	0.0228297	
0.0228758	0.943133	0.0111612	0.0228297	
0.0228758	0.0124987	0.0111612	0.953464	
0.95351	0.0124987	0.0111612	0.0228297	

#ID = box_14_1_TGnCATCT
#Score = 40.5066
#W = 8
#Consensus = TGnCATCT
0.0228758	0.0124987	0.0111612	0.953464	
0.0228758	0.0124987	0.78669	0.177935	
0.177982	0.167604	0.321373	0.333041	
0.0228758	0.943133	0.0111612	0.0228297	
0.95351	0.0124987	0.0111612	0.0228297	
0.177982	0.0124987	0.0111612	0.798359	
0.0228758	0.943133	0.0111612	0.0228297	
0.0228758	0.167604	0.0111612	0.798359	

#ID = box_15_1_CAkGGAkn
#Score = 41.1505
#W = 8
#Consensus = CAkGGAkn
0.0270754	0.932694	0.0132101	0.0270208	
0.944976	0.0147932	0.0132101	0.0270208	
0.0270754	0.0147932	0.56395	0.394181	
0.0270754	0.0147932	0.931111	0.0270208	
0.210655	0.0147932	0.747531	0.0270208	
0.944976	0.0147932	0.0132101	0.0270208	
0.0270754	0.0147932	0.56395	0.394181	
0.210655	0.198373	0.0132101	0.577761	

#ID = box_16_1_CTrTAnGA
#Score = 41.2062
#W = 8
#Consensus = CTrTAnGA
0.177982	0.788028	0.0111612	0.0228297	
0.0228758	0.0124987	0.0111612	0.953464	
0.333087	0.0124987	0.631584	0.0228297	
0.0228758	0.0124987	0.0111612	0.953464	
0.798405	0.0124987	0.166267	0.0228297	
0.643299	0.0124987	0.321373	0.0228297	
0.0228758	0.0124987	0.941796	0.0228297	
0.95351	0.0124987	0.0111612	0.0228297	

#ID = box_17_1_nACTAnAA
#Score = 38.1892
#W = 8
#Consensus = nACTAnAA
0.488193	0.32271	0.0111612	0.177935	
0.95351	0.0124987	0.0111612	0.0228297	
0.0228758	0.943133	0.0111612	0.0228297	
0.0228758	0.0124987	0.0111612	0.953464	
0.95351	0.0124987	0.0111612	0.0228297	
0.0228758	0.167604	0.166267	0.643253	
0.95351	0.0124987	0.0111612	0.0228297	
0.798405	0.0124987	0.166267	0.0228297	

#ID = box_18_1_TsTCATTT
#Score = 37.3771
#W = 8
#Consensus = TsTCATTT
0.0270754	0.198373	0.0132101	0.761341	
0.0270754	0.565534	0.38037	0.0270208	
0.210655	0.0147932	0.0132101	0.761341	
0.0270754	0.932694	0.0132101	0.0270208	
0.761396	0.0147932	0.19679	0.0270208	
0.0270754	0.0147932	0.0132101	0.944921	
0.0270754	0.0147932	0.0132101	0.944921	
0.0270754	0.0147932	0.19679	0.761341	

#ID = box_19_1_mTTCyTAC
#Score = 40.5116
#W = 8
#Consensus = mTTCyTAC
0.577816	0.381953	0.0132101	0.0270208	
0.0270754	0.0147932	0.0132101	0.944921	
0.0270754	0.0147932	0.19679	0.761341	
0.0270754	0.932694	0.0132101	0.0270208	
0.0270754	0.565534	0.0132101	0.394181	
0.0270754	0.0147932	0.0132101	0.944921	
0.944976	0.0147932	0.0132101	0.0270208	
0.0270754	0.932694	0.0132101	0.0270208	

#ID = box_20_1_CTGTAAGA
#Score = 40.6215
#W = 8
#Consensus = CTGTAAGA
0.154083	0.682212	0.00966247	0.154043	
0.0198041	0.0108204	0.00966247	0.959713	
0.288361	0.0108204	0.681055	0.0197641	
0.0198041	0.0108204	0.00966247	0.959713	
0.959753	0.0108204	0.00966247	0.0197641	
0.691196	0.0108204	0.278219	0.0197641	
0.0198041	0.0108204	0.949611	0.0197641	
0.825475	0.0108204	0.00966247	0.154043	

#ID = box_21_1_CTGTArGA
#Score = 35.3009
#W = 8
#Consensus = CTGTArGA
0.258023	0.692699	0.0161806	0.0330966	
0.0331635	0.0181196	0.0161806	0.932536	
0.0331635	0.0181196	0.91562	0.0330966	
0.0331635	0.0181196	0.0161806	0.932536	
0.932603	0.0181196	0.0161806	0.0330966	
0.482883	0.0181196	0.4659	0.0330966	
0.0331635	0.0181196	0.91562	0.0330966	
0.932603	0.0181196	0.0161806	0.0330966	

#ID = box_22_1_mTGTArGA
#Score = 39.5894
#W = 8
#Consensus = mTGTArGA
0.394236	0.565534	0.0132101	0.0270208	
0.0270754	0.0147932	0.0132101	0.944921	
0.0270754	0.0147932	0.931111	0.0270208	
0.210655	0.0147932	0.0132101	0.761341	
0.761396	0.0147932	0.19679	0.0270208	
0.577816	0.0147932	0.38037	0.0270208	
0.0270754	0.0147932	0.931111	0.0270208	
0.944976	0.0147932	0.0132101	0.0270208	

#ID = box_23_1_CAnCkrTA
#Score = 43.0267
#W = 8
#Consensus = CAnCkrTA
0.0270754	0.932694	0.0132101	0.0270208	
0.944976	0.0147932	0.0132101	0.0270208	
0.0270754	0.198373	0.19679	0.577761	
0.0270754	0.932694	0.0132101	0.0270208	
0.0270754	0.0147932	0.56395	0.394181	
0.577816	0.0147932	0.38037	0.0270208	
0.0270754	0.0147932	0.0132101	0.944921	
0.761396	0.0147932	0.19679	0.0270208	

#ID = box_24_1_CTrTAnGA
#Score = 41.0992
#W = 8
#Consensus = CTrTAnGA
0.177982	0.788028	0.0111612	0.0228297	
0.0228758	0.0124987	0.0111612	0.953464	
0.333087	0.0124987	0.631584	0.0228297	
0.0228758	0.0124987	0.0111612	0.953464	
0.95351	0.0124987	0.0111612	0.0228297	
0.643299	0.0124987	0.321373	0.0228297	
0.0228758	0.0124987	0.941796	0.0228297	
0.798405	0.0124987	0.0111612	0.177935	

#ID = box_25_1_CAmswTGr
#Score = 39.1364
#W = 8
#Consensus = CAmswTGr
0.0270754	0.932694	0.0132101	0.0270208	
0.761396	0.198373	0.0132101	0.0270208	
0.394236	0.565534	0.0132101	0.0270208	
0.210655	0.381953	0.38037	0.0270208	
0.394236	0.0147932	0.19679	0.394181	
0.0270754	0.0147932	0.0132101	0.944921	
0.0270754	0.0147932	0.931111	0.0270208	
0.394236	0.0147932	0.56395	0.0270208	

#ID = box_26_1_nCTAyAnk
#Score = 35.0536
#W = 8
#Consensus = nCTAyAnk
0.643299	0.32271	0.0111612	0.0228297	
0.177982	0.788028	0.0111612	0.0228297	
0.0228758	0.0124987	0.0111612	0.953464	
0.95351	0.0124987	0.0111612	0.0228297	
0.0228758	0.477816	0.0111612	0.488147	
0.95351	0.0124987	0.0111612	0.0228297	
0.643299	0.0124987	0.321373	0.0228297	
0.0228758	0.0124987	0.631584	0.333041	

#ID = box_27_1_ATTCCTAC
#Score = 39.9653
#W = 8
#Consensus = ATTCCTAC
0.691196	0.279377	0.00966247	0.0197641	
0.154083	0.0108204	0.00966247	0.825435	
0.0198041	0.0108204	0.143941	0.825435	
0.154083	0.816491	0.00966247	0.0197641	
0.0198041	0.682212	0.00966247	0.288321	
0.0198041	0.0108204	0.00966247	0.959713	
0.959753	0.0108204	0.00966247	0.0197641	
0.0198041	0.950769	0.00966247	0.0197641	

#ID = box_28_1_TGnCATCT
#Score = 40.5066
#W = 8
#Consensus = TGnCATCT
0.0228758	0.0124987	0.0111612	0.953464	
0.0228758	0.0124987	0.78669	0.177935	
0.177982	0.167604	0.321373	0.333041	
0.0228758	0.943133	0.0111612	0.0228297	
0.95351	0.0124987	0.0111612	0.0228297	
0.177982	0.0124987	0.0111612	0.798359	
0.0228758	0.943133	0.0111612	0.0228297	
0.0228758	0.167604	0.0111612	0.798359	

#ID = box_29_1_CTGTArGA
#Score = 37.2644
#W = 8
#Consensus = CTGTArGA
0.0270754	0.749114	0.19679	0.0270208	
0.0270754	0.0147932	0.0132101	0.944921	
0.0270754	0.0147932	0.931111	0.0270208	
0.210655	0.0147932	0.0132101	0.761341	
0.761396	0.0147932	0.0132101	0.210601	
0.394236	0.0147932	0.38037	0.210601	
0.0270754	0.0147932	0.931111	0.0270208	
0.761396	0.0147932	0.19679	0.0270208	

#ID = box_30_1_mCTrnArG
#Score = 39.7373
#W = 8
#Consensus = mCTrnArG
0.556918	0.413656	0.00966247	0.0197641	
0.0198041	0.950769	0.00966247	0.0197641	
0.0198041	0.0108204	0.00966247	0.959713	
0.556918	0.0108204	0.412498	0.0197641	
0.154083	0.279377	0.00966247	0.556878	
0.959753	0.0108204	0.00966247	0.0197641	
0.422639	0.0108204	0.546776	0.0197641	
0.0198041	0.0108204	0.949611	0.0197641	

#ID = box_31_1_TTmTwnyG
#Score = 35.3327
#W = 8
#Consensus = TTmTwnyG
0.0228758	0.0124987	0.0111612	0.953464	
0.0228758	0.0124987	0.0111612	0.953464	
0.333087	0.477816	0.0111612	0.177935	
0.0228758	0.0124987	0.0111612	0.953464	
0.333087	0.0124987	0.0111612	0.643253	
0.643299	0.0124987	0.321373	0.0228297	
0.0228758	0.632922	0.0111612	0.333041	
0.0228758	0.0124987	0.78669	0.177935	

#ID = box_32_1_ATTCCTAC
#Score = 33.9016
#W = 8
#Consensus = ATTCCTAC
0.944976	0.0147932	0.0132101	0.0270208	
0.210655	0.0147932	0.0132101	0.761341	
0.0270754	0.0147932	0.0132101	0.944921	
0.210655	0.749114	0.0132101	0.0270208	
0.0270754	0.749114	0.0132101	0.210601	
0.0270754	0.0147932	0.0132101	0.944921	
0.944976	0.0147932	0.0132101	0.0270208	
0.0270754	0.932694	0.0132101	0.0270208	

#ID = box_33_1_CAnCkrTA
#Score = 42.6339
#W = 8
#Consensus = CAnCkrTA
0.0198041	0.950769	0.00966247	0.0197641	
0.825475	0.145099	0.00966247	0.0197641	
0.422639	0.145099	0.143941	0.288321	
0.0198041	0.950769	0.00966247	0.0197641	
0.0198041	0.0108204	0.546776	0.422599	
0.422639	0.0108204	0.546776	0.0197641	
0.0198041	0.0108204	0.00966247	0.959713	
0.825475	0.0108204	0.00966247	0.154043	

#ID = box_34_1_AnCkATnA
#Score = 36.7749
#W = 8
#Consensus = AnCkATnA
0.95351	0.0124987	0.0111612	0.0228297	
0.643299	0.32271	0.0111612	0.0228297	
0.0228758	0.943133	0.0111612	0.0228297	
0.0228758	0.0124987	0.476479	0.488147	
0.798405	0.0124987	0.166267	0.0228297	
0.0228758	0.0124987	0.0111612	0.953464	
0.643299	0.0124987	0.166267	0.177935	
0.798405	0.0124987	0.0111612	0.177935	

#ID = box_35_1_nTTCyTAC
#Score = 40.298
#W = 8
#Consensus = nTTCyTAC
0.643299	0.32271	0.0111612	0.0228297	
0.177982	0.0124987	0.0111612	0.798359	
0.0228758	0.0124987	0.166267	0.798359	
0.0228758	0.943133	0.0111612	0.0228297	
0.0228758	0.632922	0.0111612	0.333041	
0.0228758	0.0124987	0.0111612	0.953464	
0.95351	0.0124987	0.0111612	0.0228297	
0.0228758	0.943133	0.0111612	0.0228297	

#ID = box_36_1_CAwCnnTA
#Score = 40.4971
#W = 8
#Consensus = CAwCnnTA
0.0228758	0.943133	0.0111612	0.0228297	
0.95351	0.0124987	0.0111612	0.0228297	
0.488193	0.0124987	0.0111612	0.488147	
0.0228758	0.943133	0.0111612	0.0228297	
0.0228758	0.0124987	0.321373	0.643253	
0.643299	0.0124987	0.321373	0.0228297	
0.177982	0.0124987	0.0111612	0.798359	
0.798405	0.0124987	0.166267	0.0228297	

#ID = box_37_1_ACTAyAAr
#Score = 34.4505
#W = 8
#Consensus = ACTAyAAr
0.944976	0.0147932	0.0132101	0.0270208	
0.0270754	0.749114	0.0132101	0.210601	
0.0270754	0.0147932	0.0132101	0.944921	
0.761396	0.0147932	0.0132101	0.210601	
0.0270754	0.381953	0.0132101	0.577761	
0.944976	0.0147932	0.0132101	0.0270208	
0.944976	0.0147932	0.0132101	0.0270208	
0.394236	0.198373	0.38037	0.0270208	

#ID = box_38_1_GTAAGAnw
#Score = 40.1592
#W = 8
#Consensus = GTAAGAnw
0.0198041	0.0108204	0.949611	0.0197641	
0.0198041	0.0108204	0.00966247	0.959713	
0.959753	0.0108204	0.00966247	0.0197641	
0.691196	0.0108204	0.278219	0.0197641	
0.0198041	0.0108204	0.949611	0.0197641	
0.959753	0.0108204	0.00966247	0.0197641	
0.556918	0.145099	0.00966247	0.288321	
0.422639	0.0108204	0.143941	0.422599	

#ID = box_39_1_CAwCknTA
#Score = 43.06
#W = 8
#Consensus = CAwCknTA
0.0228758	0.943133	0.0111612	0.0228297	
0.95351	0.0124987	0.0111612	0.0228297	
0.488193	0.167604	0.0111612	0.333041	
0.0228758	0.943133	0.0111612	0.0228297	
0.0228758	0.0124987	0.631584	0.333041	
0.488193	0.0124987	0.321373	0.177935	
0.0228758	0.0124987	0.0111612	0.953464	
0.798405	0.167604	0.0111612	0.0228297	

#ID = box_40_1_nTGArATG
#Score = 37.1534
#W = 8
#Consensus = nTGArATG
0.422639	0.0108204	0.278219	0.288321	
0.0198041	0.0108204	0.278219	0.691156	
0.0198041	0.0108204	0.949611	0.0197641	
0.959753	0.0108204	0.00966247	0.0197641	
0.422639	0.0108204	0.412498	0.154043	
0.959753	0.0108204	0.00966247	0.0197641	
0.0198041	0.145099	0.00966247	0.825435	
0.0198041	0.0108204	0.949611	0.0197641	

#ID = box_41_1_AnTCCTAC
#Score = 40.2899
#W = 8
#Consensus = AnTCCTAC
0.944976	0.0147932	0.0132101	0.0270208	
0.210655	0.0147932	0.19679	0.577761	
0.0270754	0.0147932	0.0132101	0.944921	
0.0270754	0.932694	0.0132101	0.0270208	
0.0270754	0.749114	0.0132101	0.210601	
0.0270754	0.0147932	0.0132101	0.944921	
0.944976	0.0147932	0.0132101	0.0270208	
0.0270754	0.749114	0.0132101	0.210601	

#ID = box_42_1_GAkAwAwT
#Score = 34.1742
#W = 8
#Consensus = GAkAwAwT
0.0270754	0.0147932	0.931111	0.0270208	
0.761396	0.0147932	0.0132101	0.210601	
0.0270754	0.0147932	0.38037	0.577761	
0.944976	0.0147932	0.0132101	0.0270208	
0.394236	0.0147932	0.0132101	0.577761	
0.944976	0.0147932	0.0132101	0.0270208	
0.577816	0.0147932	0.0132101	0.394181	
0.0270754	0.0147932	0.0132101	0.944921	

#ID = box_43_1_mCmCknTk
#Score = 31.408
#W = 8
#Consensus = mCmCknTk
0.394236	0.565534	0.0132101	0.0270208	
0.0270754	0.749114	0.0132101	0.210601	
0.577816	0.381953	0.0132101	0.0270208	
0.0270754	0.932694	0.0132101	0.0270208	
0.210655	0.0147932	0.38037	0.394181	
0.210655	0.198373	0.56395	0.0270208	
0.210655	0.0147932	0.0132101	0.761341	
0.210655	0.0147932	0.38037	0.394181	

#ID = box_44_1_CTrTAnGA
#Score = 41.0992
#W = 8
#Consensus = CTrTAnGA
0.177982	0.788028	0.0111612	0.0228297	
0.0228758	0.0124987	0.0111612	0.953464	
0.333087	0.0124987	0.631584	0.0228297	
0.0228758	0.0124987	0.0111612	0.953464	
0.95351	0.0124987	0.0111612	0.0228297	
0.643299	0.0124987	0.321373	0.0228297	
0.0228758	0.0124987	0.941796	0.0228297	
0.798405	0.0124987	0.0111612	0.177935	

#ID = box_45_1_CAwCknTA
#Score = 43.1228
#W = 8
#Consensus = CAwCknTA
0.0228758	0.943133	0.0111612	0.0228297	
0.95351	0.0124987	0.0111612	0.0228297	
0.333087	0.167604	0.0111612	0.488147	
0.0228758	0.943133	0.0111612	0.0228297	
0.0228758	0.0124987	0.476479	0.488147	
0.643299	0.0124987	0.321373	0.0228297	
0.0228758	0.0124987	0.0111612	0.953464	
0.798405	0.0124987	0.166267	0.0228297	

#ID = box_46_1_CmwCrrTr
#Score = 42.1304
#W = 8
#Consensus = CmwCrrTr
0.0228758	0.943133	0.0111612	0.0228297	
0.333087	0.632922	0.0111612	0.0228297	
0.488193	0.0124987	0.0111612	0.488147	
0.0228758	0.943133	0.0111612	0.0228297	
0.333087	0.0124987	0.631584	0.0228297	
0.488193	0.0124987	0.476479	0.0228297	
0.0228758	0.0124987	0.0111612	0.953464	
0.333087	0.0124987	0.476479	0.177935	

#ID = box_47_1_ATTnCTAC
#Score = 38.6689
#W = 8
#Consensus = ATTnCTAC
0.95351	0.0124987	0.0111612	0.0228297	
0.177982	0.0124987	0.0111612	0.798359	
0.0228758	0.0124987	0.0111612	0.953464	
0.177982	0.632922	0.0111612	0.177935	
0.0228758	0.788028	0.0111612	0.177935	
0.0228758	0.0124987	0.0111612	0.953464	
0.798405	0.0124987	0.0111612	0.177935	
0.0228758	0.943133	0.0111612	0.0228297	

#ID = box_48_1_CAnCkATA
#Score = 43.3174
#W = 8
#Consensus = CAnCkATA
0.0270754	0.932694	0.0132101	0.0270208	
0.944976	0.0147932	0.0132101	0.0270208	
0.210655	0.198373	0.0132101	0.577761	
0.0270754	0.932694	0.0132101	0.0270208	
0.0270754	0.0147932	0.56395	0.394181	
0.761396	0.0147932	0.19679	0.0270208	
0.0270754	0.0147932	0.0132101	0.944921	
0.761396	0.0147932	0.19679	0.0270208	

#ID = box_49_1_nGAGATrn
#Score = 36.6741
#W = 8
#Consensus = nGAGATrn
0.177982	0.0124987	0.166267	0.643253	
0.0228758	0.0124987	0.941796	0.0228297	
0.95351	0.0124987	0.0111612	0.0228297	
0.177982	0.0124987	0.78669	0.0228297	
0.798405	0.0124987	0.166267	0.0228297	
0.0228758	0.0124987	0.0111612	0.953464	
0.333087	0.0124987	0.631584	0.0228297	
0.643299	0.32271	0.0111612	0.0228297	

#ID = box_50_1_nTGTAAGA
#Score = 37.819
#W = 8
#Consensus = nTGTAAGA
0.288361	0.413656	0.00966247	0.288321	
0.154083	0.0108204	0.00966247	0.825435	
0.0198041	0.0108204	0.949611	0.0197641	
0.154083	0.0108204	0.00966247	0.825435	
0.825475	0.0108204	0.143941	0.0197641	
0.691196	0.0108204	0.278219	0.0197641	
0.0198041	0.0108204	0.949611	0.0197641	
0.959753	0.0108204	0.00966247	0.0197641	

#ID = box_51_1_ATTnCTAC
#Score = 38.6689
#W = 8
#Consensus = ATTnCTAC
0.95351	0.0124987	0.0111612	0.0228297	
0.177982	0.0124987	0.0111612	0.798359	
0.0228758	0.0124987	0.0111612	0.953464	
0.177982	0.632922	0.0111612	0.177935	
0.0228758	0.788028	0.0111612	0.177935	
0.0228758	0.0124987	0.0111612	0.953464	
0.798405	0.0124987	0.0111612	0.177935	
0.0228758	0.943133	0.0111612	0.0228297	

#ID = box_52_1_CAyCGrTm
#Score = 44.0671
#W = 8
#Consensus = CAyCGrTm
0.0270754	0.932694	0.0132101	0.0270208	
0.944976	0.0147932	0.0132101	0.0270208	
0.210655	0.381953	0.0132101	0.394181	
0.0270754	0.932694	0.0132101	0.0270208	
0.210655	0.0147932	0.747531	0.0270208	
0.394236	0.0147932	0.38037	0.210601	
0.0270754	0.0147932	0.0132101	0.944921	
0.577816	0.381953	0.0132101	0.0270208	

#ID = box_53_1_mCTAmAGn
#Score = 40.5521
#W = 8
#Consensus = mCTAmAGn
0.488193	0.477816	0.0111612	0.0228297	
0.0228758	0.943133	0.0111612	0.0228297	
0.0228758	0.0124987	0.0111612	0.953464	
0.798405	0.0124987	0.166267	0.0228297	
0.333087	0.632922	0.0111612	0.0228297	
0.798405	0.167604	0.0111612	0.0228297	
0.177982	0.0124987	0.78669	0.0228297	
0.0228758	0.32271	0.631584	0.0228297	

#ID = box_54_1_CATTTCwT
#Score = 36.7973
#W = 8
#Consensus = CATTTCwT
0.0228758	0.943133	0.0111612	0.0228297	
0.798405	0.0124987	0.0111612	0.177935	
0.0228758	0.0124987	0.0111612	0.953464	
0.0228758	0.167604	0.0111612	0.798359	
0.0228758	0.0124987	0.0111612	0.953464	
0.177982	0.788028	0.0111612	0.0228297	
0.488193	0.0124987	0.0111612	0.488147	
0.0228758	0.0124987	0.0111612	0.953464	

#ID = box_55_1_CTrTAnGA
#Score = 41.0992
#W = 8
#Consensus = CTrTAnGA
0.177982	0.788028	0.0111612	0.0228297	
0.0228758	0.0124987	0.0111612	0.953464	
0.333087	0.0124987	0.631584	0.0228297	
0.0228758	0.0124987	0.0111612	0.953464	
0.95351	0.0124987	0.0111612	0.0228297	
0.643299	0.0124987	0.321373	0.0228297	
0.0228758	0.0124987	0.941796	0.0228297	
0.798405	0.0124987	0.0111612	0.177935	

#ID = box_56_1_wnmTCwTT
#Score = 32.2708
#W = 8
#Consensus = wnmTCwTT
0.488193	0.0124987	0.0111612	0.488147	
0.0228758	0.32271	0.0111612	0.643253	
0.333087	0.632922	0.0111612	0.0228297	
0.0228758	0.0124987	0.0111612	0.953464	
0.0228758	0.943133	0.0111612	0.0228297	
0.488193	0.0124987	0.0111612	0.488147	
0.0228758	0.0124987	0.0111612	0.953464	
0.177982	0.0124987	0.0111612	0.798359	

#ID = box_57_1_CAnsGwkA
#Score = 39.3005
#W = 8
#Consensus = CAnsGwkA
0.0270754	0.932694	0.0132101	0.0270208	
0.944976	0.0147932	0.0132101	0.0270208	
0.0270754	0.565534	0.19679	0.210601	
0.210655	0.381953	0.38037	0.0270208	
0.0270754	0.0147932	0.931111	0.0270208	
0.577816	0.0147932	0.0132101	0.394181	
0.0270754	0.0147932	0.38037	0.577761	
0.761396	0.0147932	0.0132101	0.210601	

#ID = box_58_1_GATwAAwT
#Score = 34.3918
#W = 8
#Consensus = GATwAAwT
0.0270754	0.0147932	0.931111	0.0270208	
0.944976	0.0147932	0.0132101	0.0270208	
0.0270754	0.0147932	0.19679	0.761341	
0.577816	0.0147932	0.0132101	0.394181	
0.761396	0.0147932	0.0132101	0.210601	
0.944976	0.0147932	0.0132101	0.0270208	
0.577816	0.0147932	0.0132101	0.394181	
0.0270754	0.0147932	0.0132101	0.944921	

#ID = box_59_1_ATAGTGnC
#Score = 39.4618
#W = 8
#Consensus = ATAGTGnC
0.959753	0.0108204	0.00966247	0.0197641	
0.0198041	0.279377	0.00966247	0.691156	
0.825475	0.0108204	0.143941	0.0197641	
0.0198041	0.0108204	0.949611	0.0197641	
0.0198041	0.279377	0.00966247	0.691156	
0.0198041	0.0108204	0.681055	0.288321	
0.154083	0.145099	0.546776	0.154043	
0.288361	0.682212	0.00966247	0.0197641	

#ID = box_60_1_kTAyAwTC
#Score = 31.5435
#W = 8
#Consensus = kTAyAwTC
0.0270754	0.198373	0.38037	0.394181	
0.0270754	0.0147932	0.0132101	0.944921	
0.761396	0.0147932	0.0132101	0.210601	
0.0270754	0.565534	0.0132101	0.394181	
0.944976	0.0147932	0.0132101	0.0270208	
0.394236	0.0147932	0.19679	0.394181	
0.210655	0.0147932	0.0132101	0.761341	
0.0270754	0.749114	0.0132101	0.210601	

#ID = box_61_1_kAnwTTTA
#Score = 30.3212
#W = 8
#Consensus = kAnwTTTA
0.0270754	0.0147932	0.56395	0.394181	
0.761396	0.0147932	0.19679	0.0270208	
0.210655	0.198373	0.0132101	0.577761	
0.394236	0.0147932	0.0132101	0.577761	
0.0270754	0.0147932	0.0132101	0.944921	
0.0270754	0.0147932	0.19679	0.761341	
0.0270754	0.0147932	0.0132101	0.944921	
0.944976	0.0147932	0.0132101	0.0270208	

#ID = box_62_1_CTGTAAGA
#Score = 40.6215
#W = 8
#Consensus = CTGTAAGA
0.154083	0.682212	0.00966247	0.154043	
0.0198041	0.0108204	0.00966247	0.959713	
0.288361	0.0108204	0.681055	0.0197641	
0.0198041	0.0108204	0.00966247	0.959713	
0.959753	0.0108204	0.00966247	0.0197641	
0.691196	0.0108204	0.278219	0.0197641	
0.0198041	0.0108204	0.949611	0.0197641	
0.825475	0.0108204	0.00966247	0.154043	

#ID = box_63_1_CnwCkrTA
#Score = 41.6258
#W = 8
#Consensus = CnwCkrTA
0.0228758	0.943133	0.0111612	0.0228297	
0.643299	0.167604	0.166267	0.0228297	
0.488193	0.0124987	0.0111612	0.488147	
0.0228758	0.788028	0.0111612	0.177935	
0.0228758	0.0124987	0.631584	0.333041	
0.333087	0.0124987	0.631584	0.0228297	
0.0228758	0.0124987	0.0111612	0.953464	
0.798405	0.0124987	0.0111612	0.177935	

#ID = box_64_1_mCTrTArG
#Score = 39.4386
#W = 8
#Consensus = mCTrTArG
0.577816	0.381953	0.0132101	0.0270208	
0.0270754	0.932694	0.0132101	0.0270208	
0.0270754	0.0147932	0.0132101	0.944921	
0.394236	0.0147932	0.56395	0.0270208	
0.210655	0.0147932	0.0132101	0.761341	
0.944976	0.0147932	0.0132101	0.0270208	
0.577816	0.0147932	0.38037	0.0270208	
0.0270754	0.0147932	0.931111	0.0270208	

#ID = box_65_1_ACTATAAG
#Score = 33.3402
#W = 8
#Consensus = ACTATAAG
0.932603	0.0181196	0.0161806	0.0330966	
0.0331635	0.917559	0.0161806	0.0330966	
0.0331635	0.0181196	0.0161806	0.932536	
0.707743	0.0181196	0.24104	0.0330966	
0.0331635	0.0181196	0.0161806	0.932536	
0.932603	0.0181196	0.0161806	0.0330966	
0.932603	0.0181196	0.0161806	0.0330966	
0.258023	0.0181196	0.69076	0.0330966	

#ID = box_66_1_CAnCkATA
#Score = 43.3174
#W = 8
#Consensus = CAnCkATA
0.0270754	0.932694	0.0132101	0.0270208	
0.944976	0.0147932	0.0132101	0.0270208	
0.210655	0.198373	0.0132101	0.577761	
0.0270754	0.932694	0.0132101	0.0270208	
0.0270754	0.0147932	0.56395	0.394181	
0.761396	0.0147932	0.19679	0.0270208	
0.0270754	0.0147932	0.0132101	0.944921	
0.761396	0.0147932	0.19679	0.0270208	

#ID = box_67_1_nACTATAA
#Score = 37.8198
#W = 8
#Consensus = nACTATAA
0.643299	0.167604	0.0111612	0.177935	
0.95351	0.0124987	0.0111612	0.0228297	
0.0228758	0.788028	0.0111612	0.177935	
0.0228758	0.0124987	0.0111612	0.953464	
0.95351	0.0124987	0.0111612	0.0228297	
0.0228758	0.167604	0.0111612	0.798359	
0.95351	0.0124987	0.0111612	0.0228297	
0.95351	0.0124987	0.0111612	0.0228297	

#ID = box_68_1_sGwTTArT
#Score = 38.7431
#W = 8
#Consensus = sGwTTArT
0.0270754	0.565534	0.38037	0.0270208	
0.0270754	0.0147932	0.931111	0.0270208	
0.577816	0.0147932	0.0132101	0.394181	
0.0270754	0.0147932	0.0132101	0.944921	
0.210655	0.0147932	0.0132101	0.761341	
0.761396	0.0147932	0.0132101	0.210601	
0.394236	0.0147932	0.38037	0.210601	
0.0270754	0.0147932	0.0132101	0.944921	

#ID = box_69_1_CAwCknTA
#Score = 43.1228
#W = 8
#Consensus = CAwCknTA
0.0228758	0.943133	0.0111612	0.0228297	
0.95351	0.0124987	0.0111612	0.0228297	
0.333087	0.167604	0.0111612	0.488147	
0.0228758	0.943133	0.0111612	0.0228297	
0.0228758	0.0124987	0.476479	0.488147	
0.643299	0.0124987	0.321373	0.0228297	
0.0228758	0.0124987	0.0111612	0.953464	
0.798405	0.0124987	0.166267	0.0228297	

#ID = box_70_1_ATTCCTAC
#Score = 38.2209
#W = 8
#Consensus = ATTCCTAC
0.944976	0.0147932	0.0132101	0.0270208	
0.210655	0.0147932	0.0132101	0.761341	
0.0270754	0.198373	0.0132101	0.761341	
0.210655	0.749114	0.0132101	0.0270208	
0.0270754	0.749114	0.19679	0.0270208	
0.0270754	0.198373	0.0132101	0.761341	
0.944976	0.0147932	0.0132101	0.0270208	
0.0270754	0.932694	0.0132101	0.0270208	

#ID = box_71_1_mTGTArGA
#Score = 40.0593
#W = 8
#Consensus = mTGTArGA
0.394236	0.565534	0.0132101	0.0270208	
0.0270754	0.0147932	0.0132101	0.944921	
0.0270754	0.198373	0.747531	0.0270208	
0.0270754	0.0147932	0.0132101	0.944921	
0.944976	0.0147932	0.0132101	0.0270208	
0.394236	0.0147932	0.38037	0.210601	
0.0270754	0.0147932	0.931111	0.0270208	
0.944976	0.0147932	0.0132101	0.0270208	

#ID = box_72_1_GTAnGAAn
#Score = 35.4731
#W = 8
#Consensus = GTAnGAAn
0.0270754	0.0147932	0.931111	0.0270208	
0.0270754	0.0147932	0.0132101	0.944921	
0.761396	0.0147932	0.0132101	0.210601	
0.210655	0.0147932	0.56395	0.210601	
0.0270754	0.0147932	0.931111	0.0270208	
0.761396	0.198373	0.0132101	0.0270208	
0.761396	0.0147932	0.0132101	0.210601	
0.577816	0.198373	0.0132101	0.210601	

#ID = box_73_1_ATTnCTAC
#Score = 38.8553
#W = 8
#Consensus = ATTnCTAC
0.944976	0.0147932	0.0132101	0.0270208	
0.210655	0.0147932	0.0132101	0.761341	
0.0270754	0.0147932	0.0132101	0.944921	
0.210655	0.565534	0.0132101	0.210601	
0.0270754	0.932694	0.0132101	0.0270208	
0.0270754	0.0147932	0.0132101	0.944921	
0.761396	0.0147932	0.0132101	0.210601	
0.0270754	0.932694	0.0132101	0.0270208	

#ID = box_74_1_CTCwTTTC
#Score = 32.0658
#W = 8
#Consensus = CTCwTTTC
0.0270754	0.749114	0.0132101	0.210601	
0.0270754	0.0147932	0.0132101	0.944921	
0.0270754	0.932694	0.0132101	0.0270208	
0.577816	0.0147932	0.0132101	0.394181	
0.0270754	0.0147932	0.0132101	0.944921	
0.0270754	0.0147932	0.0132101	0.944921	
0.0270754	0.0147932	0.19679	0.761341	
0.0270754	0.932694	0.0132101	0.0270208	

#ID = box_75_1_GCnnCsnn
#Score = 41.3733
#W = 8
#Consensus = GCnnCsnn
0.0228758	0.0124987	0.941796	0.0228297	
0.0228758	0.943133	0.0111612	0.0228297	
0.0228758	0.632922	0.166267	0.177935	
0.643299	0.32271	0.0111612	0.0228297	
0.177982	0.788028	0.0111612	0.0228297	
0.0228758	0.477816	0.476479	0.0228297	
0.643299	0.0124987	0.321373	0.0228297	
0.177982	0.167604	0.0111612	0.643253	

#ID = box_76_1_wTmCTACA
#Score = 36.4558
#W = 8
#Consensus = wTmCTACA
0.394236	0.0147932	0.0132101	0.577761	
0.0270754	0.0147932	0.0132101	0.944921	
0.394236	0.565534	0.0132101	0.0270208	
0.0270754	0.932694	0.0132101	0.0270208	
0.0270754	0.0147932	0.0132101	0.944921	
0.944976	0.0147932	0.0132101	0.0270208	
0.0270754	0.749114	0.0132101	0.210601	
0.761396	0.0147932	0.0132101	0.210601	

#ID = box_77_1_AyAGTknm
#Score = 40.6644
#W = 8
#Consensus = AyAGTknm
0.95351	0.0124987	0.0111612	0.0228297	
0.0228758	0.477816	0.0111612	0.488147	
0.798405	0.167604	0.0111612	0.0228297	
0.0228758	0.0124987	0.941796	0.0228297	
0.0228758	0.167604	0.0111612	0.798359	
0.0228758	0.0124987	0.631584	0.333041	
0.177982	0.167604	0.631584	0.0228297	
0.333087	0.632922	0.0111612	0.0228297	

#ID = box_78_1_CAwynrTA
#Score = 37.7435
#W = 8
#Consensus = CAwynrTA
0.0228758	0.788028	0.166267	0.0228297	
0.95351	0.0124987	0.0111612	0.0228297	
0.643299	0.0124987	0.0111612	0.333041	
0.0228758	0.632922	0.0111612	0.333041	
0.0228758	0.0124987	0.321373	0.643253	
0.488193	0.0124987	0.476479	0.0228297	
0.0228758	0.0124987	0.0111612	0.953464	
0.95351	0.0124987	0.0111612	0.0228297	

#ID = box_79_1_CAwCkrTA
#Score = 43.2356
#W = 8
#Consensus = CAwCkrTA
0.0228758	0.943133	0.0111612	0.0228297	
0.798405	0.167604	0.0111612	0.0228297	
0.488193	0.167604	0.0111612	0.333041	
0.0228758	0.943133	0.0111612	0.0228297	
0.0228758	0.0124987	0.631584	0.333041	
0.488193	0.0124987	0.476479	0.0228297	
0.0228758	0.0124987	0.0111612	0.953464	
0.798405	0.0124987	0.0111612	0.177935	

#ID = box_80_1_AwCTATrA
#Score = 36.2506
#W = 8
#Consensus = AwCTATrA
0.825475	0.0108204	0.00966247	0.154043	
0.556918	0.0108204	0.00966247	0.422599	
0.0198041	0.682212	0.278219	0.0197641	
0.0198041	0.0108204	0.00966247	0.959713	
0.959753	0.0108204	0.00966247	0.0197641	
0.0198041	0.0108204	0.143941	0.825435	
0.422639	0.0108204	0.546776	0.0197641	
0.959753	0.0108204	0.00966247	0.0197641	

#ID = box_81_1_mCTACAGs
#Score = 41.1555
#W = 8
#Consensus = mCTACAGs
0.577816	0.381953	0.0132101	0.0270208	
0.0270754	0.932694	0.0132101	0.0270208	
0.0270754	0.0147932	0.0132101	0.944921	
0.944976	0.0147932	0.0132101	0.0270208	
0.210655	0.749114	0.0132101	0.0270208	
0.761396	0.198373	0.0132101	0.0270208	
0.210655	0.0147932	0.747531	0.0270208	
0.0270754	0.381953	0.56395	0.0270208	

#ID = box_82_1_CmwCrrTr
#Score = 42.1304
#W = 8
#Consensus = CmwCrrTr
0.0228758	0.943133	0.0111612	0.0228297	
0.333087	0.632922	0.0111612	0.0228297	
0.488193	0.0124987	0.0111612	0.488147	
0.0228758	0.943133	0.0111612	0.0228297	
0.333087	0.0124987	0.631584	0.0228297	
0.488193	0.0124987	0.476479	0.0228297	
0.0228758	0.0124987	0.0111612	0.953464	
0.333087	0.0124987	0.476479	0.177935	

#ID = box_83_1_wCswyGGT
#Score = 43.9126
#W = 8
#Consensus = wCswyGGT
0.394236	0.0147932	0.19679	0.394181	
0.0270754	0.932694	0.0132101	0.0270208	
0.210655	0.381953	0.38037	0.0270208	
0.577816	0.0147932	0.0132101	0.394181	
0.0270754	0.565534	0.0132101	0.394181	
0.210655	0.0147932	0.747531	0.0270208	
0.0270754	0.0147932	0.931111	0.0270208	
0.0270754	0.0147932	0.0132101	0.944921	

#ID = box_84_1_nCmnCnGT
#Score = 42.1771
#W = 8
#Consensus = nCmnCnGT
0.288361	0.0108204	0.546776	0.154043	
0.0198041	0.950769	0.00966247	0.0197641	
0.422639	0.547934	0.00966247	0.0197641	
0.556918	0.279377	0.00966247	0.154043	
0.0198041	0.950769	0.00966247	0.0197641	
0.288361	0.145099	0.412498	0.154043	
0.288361	0.0108204	0.681055	0.0197641	
0.0198041	0.0108204	0.00966247	0.959713	

#ID = box_85_1_TAwwCCTA
#Score = 35.9824
#W = 8
#Consensus = TAwwCCTA
0.0228758	0.0124987	0.0111612	0.953464	
0.95351	0.0124987	0.0111612	0.0228297	
0.488193	0.0124987	0.0111612	0.488147	
0.333087	0.0124987	0.0111612	0.643253	
0.177982	0.788028	0.0111612	0.0228297	
0.177982	0.788028	0.0111612	0.0228297	
0.0228758	0.0124987	0.0111612	0.953464	
0.95351	0.0124987	0.0111612	0.0228297	

#ID = box_86_1_CATTTCwT
#Score = 36.3422
#W = 8
#Consensus = CATTTCwT
0.0228758	0.943133	0.0111612	0.0228297	
0.798405	0.0124987	0.0111612	0.177935	
0.177982	0.0124987	0.0111612	0.798359	
0.0228758	0.0124987	0.0111612	0.953464	
0.0228758	0.0124987	0.0111612	0.953464	
0.177982	0.788028	0.0111612	0.0228297	
0.488193	0.0124987	0.0111612	0.488147	
0.0228758	0.0124987	0.0111612	0.953464	

#ID = box_87_1_GnrAGAwr
#Score = 37.6253
#W = 8
#Consensus = GnrAGAwr
0.0228758	0.0124987	0.941796	0.0228297	
0.177982	0.0124987	0.166267	0.643253	
0.488193	0.0124987	0.476479	0.0228297	
0.95351	0.0124987	0.0111612	0.0228297	
0.0228758	0.0124987	0.941796	0.0228297	
0.95351	0.0124987	0.0111612	0.0228297	
0.333087	0.0124987	0.0111612	0.643253	
0.488193	0.0124987	0.476479	0.0228297	

#ID = box_88_1_GCnTCTTC
#Score = 34.5638
#W = 8
#Consensus = GCnTCTTC
0.0270754	0.198373	0.747531	0.0270208	
0.0270754	0.932694	0.0132101	0.0270208	
0.577816	0.198373	0.19679	0.0270208	
0.0270754	0.0147932	0.0132101	0.944921	
0.0270754	0.749114	0.0132101	0.210601	
0.0270754	0.198373	0.0132101	0.761341	
0.0270754	0.0147932	0.0132101	0.944921	
0.0270754	0.932694	0.0132101	0.0270208	

#ID = box_89_1_knATyAGT
#Score = 39.5854
#W = 8
#Consensus = knATyAGT
0.0198041	0.0108204	0.412498	0.556878	
0.288361	0.413656	0.278219	0.0197641	
0.691196	0.0108204	0.143941	0.154043	
0.0198041	0.145099	0.00966247	0.825435	
0.0198041	0.413656	0.00966247	0.556878	
0.691196	0.0108204	0.278219	0.0197641	
0.0198041	0.0108204	0.949611	0.0197641	
0.0198041	0.0108204	0.00966247	0.959713	

#ID = box_90_1_ATTCCTAC
#Score = 33.9016
#W = 8
#Consensus = ATTCCTAC
0.944976	0.0147932	0.0132101	0.0270208	
0.210655	0.0147932	0.0132101	0.761341	
0.0270754	0.0147932	0.0132101	0.944921	
0.210655	0.749114	0.0132101	0.0270208	
0.0270754	0.749114	0.0132101	0.210601	
0.0270754	0.0147932	0.0132101	0.944921	
0.944976	0.0147932	0.0132101	0.0270208	
0.0270754	0.932694	0.0132101	0.0270208	

#ID = box_91_1_CnwCGnTn
#Score = 42.4107
#W = 8
#Consensus = CnwCGnTn
0.0228758	0.943133	0.0111612	0.0228297	
0.643299	0.32271	0.0111612	0.0228297	
0.488193	0.167604	0.0111612	0.333041	
0.0228758	0.943133	0.0111612	0.0228297	
0.0228758	0.0124987	0.78669	0.177935	
0.643299	0.0124987	0.321373	0.0228297	
0.0228758	0.0124987	0.0111612	0.953464	
0.643299	0.0124987	0.166267	0.177935	

#ID = box_92_1_GTynTCnG
#Score = 40.5913
#W = 8
#Consensus = GTynTCnG
0.177982	0.0124987	0.78669	0.0228297	
0.0228758	0.0124987	0.166267	0.798359	
0.0228758	0.632922	0.0111612	0.333041	
0.643299	0.32271	0.0111612	0.0228297	
0.0228758	0.0124987	0.0111612	0.953464	
0.0228758	0.943133	0.0111612	0.0228297	
0.0228758	0.32271	0.166267	0.488147	
0.0228758	0.0124987	0.78669	0.177935	

#ID = box_93_1_CAwTTCwT
#Score = 36.8617
#W = 8
#Consensus = CAwTTCwT
0.0228758	0.943133	0.0111612	0.0228297	
0.95351	0.0124987	0.0111612	0.0228297	
0.333087	0.0124987	0.0111612	0.643253	
0.0228758	0.0124987	0.0111612	0.953464	
0.0228758	0.0124987	0.0111612	0.953464	
0.177982	0.788028	0.0111612	0.0228297	
0.488193	0.0124987	0.0111612	0.488147	
0.0228758	0.0124987	0.0111612	0.953464	

#ID = box_94_1_CAnsGATw
#Score = 42.8402
#W = 8
#Consensus = CAnsGATw
0.0198041	0.950769	0.00966247	0.0197641	
0.959753	0.0108204	0.00966247	0.0197641	
0.0198041	0.279377	0.143941	0.556878	
0.0198041	0.413656	0.546776	0.0197641	
0.0198041	0.0108204	0.949611	0.0197641	
0.691196	0.0108204	0.143941	0.154043	
0.0198041	0.0108204	0.143941	0.825435	
0.422639	0.0108204	0.00966247	0.556878	

#ID = box_95_1_CnnCGGTn
#Score = 41.3383
#W = 8
#Consensus = CnnCGGTn
0.0198041	0.950769	0.00966247	0.0197641	
0.556918	0.145099	0.278219	0.0197641	
0.288361	0.279377	0.00966247	0.422599	
0.0198041	0.682212	0.00966247	0.288321	
0.154083	0.0108204	0.815333	0.0197641	
0.288361	0.0108204	0.681055	0.0197641	
0.0198041	0.0108204	0.00966247	0.959713	
0.556918	0.279377	0.00966247	0.154043	

#ID = box_96_1_GTAnGAAw
#Score = 40.4547
#W = 8
#Consensus = GTAnGAAw
0.0228758	0.0124987	0.941796	0.0228297	
0.0228758	0.0124987	0.0111612	0.953464	
0.95351	0.0124987	0.0111612	0.0228297	
0.643299	0.0124987	0.166267	0.177935	
0.0228758	0.0124987	0.941796	0.0228297	
0.95351	0.0124987	0.0111612	0.0228297	
0.798405	0.167604	0.0111612	0.0228297	
0.488193	0.0124987	0.166267	0.333041	

#ID = box_97_1_TGAkATrA
#Score = 38.6698
#W = 8
#Consensus = TGAkATrA
0.210655	0.0147932	0.0132101	0.761341	
0.0270754	0.0147932	0.931111	0.0270208	
0.761396	0.198373	0.0132101	0.0270208	
0.0270754	0.0147932	0.56395	0.394181	
0.944976	0.0147932	0.0132101	0.0270208	
0.0270754	0.0147932	0.0132101	0.944921	
0.394236	0.0147932	0.56395	0.0270208	
0.944976	0.0147932	0.0132101	0.0270208	

#ID = box_98_1_CCTCAwTG
#Score = 37.5413
#W = 8
#Consensus = CCTCAwTG
0.0270754	0.932694	0.0132101	0.0270208	
0.0270754	0.749114	0.0132101	0.210601	
0.210655	0.0147932	0.0132101	0.761341	
0.0270754	0.932694	0.0132101	0.0270208	
0.761396	0.0147932	0.19679	0.0270208	
0.394236	0.0147932	0.0132101	0.577761	
0.0270754	0.0147932	0.0132101	0.944921	
0.0270754	0.0147932	0.747531	0.210601	

#ID = box_99_1_CTGTArGA
#Score = 35.3009
#W = 8
#Consensus = CTGTArGA
0.258023	0.692699	0.0161806	0.0330966	
0.0331635	0.0181196	0.0161806	0.932536	
0.0331635	0.0181196	0.91562	0.0330966	
0.0331635	0.0181196	0.0161806	0.932536	
0.932603	0.0181196	0.0161806	0.0330966	
0.482883	0.0181196	0.4659	0.0330966	
0.0331635	0.0181196	0.91562	0.0330966	
0.932603	0.0181196	0.0161806	0.0330966	

#ID = box_100_1_GCCAmsrT
#Score = 38.5188
#W = 8
#Consensus = GCCAmsrT
0.0198041	0.0108204	0.681055	0.288321	
0.0198041	0.950769	0.00966247	0.0197641	
0.288361	0.682212	0.00966247	0.0197641	
0.691196	0.145099	0.00966247	0.154043	
0.422639	0.547934	0.00966247	0.0197641	
0.0198041	0.413656	0.546776	0.0197641	
0.422639	0.0108204	0.412498	0.154043	
0.0198041	0.0108204	0.143941	0.825435	

#END - Application ends successfully.
