#INCLUSive Motif Model
#
#The results in this file are NOT complete as long as there is no END-sign at the bottom of this file!
<<<<<<< HEAD
#ID = box_1_1_CAwCknTA
#Score = 43.1228
#W = 8
#Consensus = CAwCknTA
0.0228758	0.943133	0.0111612	0.0228297	
0.95351	0.0124987	0.0111612	0.0228297	
0.333087	0.167604	0.0111612	0.488147	
0.0228758	0.943133	0.0111612	0.0228297	
0.0228758	0.0124987	0.476479	0.488147	
0.643299	0.0124987	0.321373	0.0228297	
0.0228758	0.0124987	0.0111612	0.953464	
0.798405	0.0124987	0.166267	0.0228297	

#ID = box_2_1_wnnArTCC
#Score = 33.846
#W = 8
#Consensus = wnnArTCC
0.643299	0.0124987	0.0111612	0.333041	
0.177982	0.32271	0.0111612	0.488147	
0.0228758	0.32271	0.0111612	0.643253	
0.798405	0.0124987	0.166267	0.0228297	
0.488193	0.0124987	0.476479	0.0228297	
0.0228758	0.0124987	0.0111612	0.953464	
0.177982	0.788028	0.0111612	0.0228297	
0.177982	0.788028	0.0111612	0.0228297	

#ID = box_3_1_CnwCnnTr
#Score = 40.313
#W = 8
#Consensus = CnwCnnTr
0.0228758	0.943133	0.0111612	0.0228297	
0.643299	0.32271	0.0111612	0.0228297	
0.333087	0.167604	0.0111612	0.488147	
0.0228758	0.943133	0.0111612	0.0228297	
0.177982	0.0124987	0.631584	0.177935	
0.643299	0.0124987	0.321373	0.0228297	
0.0228758	0.0124987	0.0111612	0.953464	
0.488193	0.0124987	0.476479	0.0228297	

#ID = box_4_1_GTAAGAnn
#Score = 38.597
#W = 8
#Consensus = GTAAGAnn
0.0228758	0.0124987	0.941796	0.0228297	
0.0228758	0.0124987	0.0111612	0.953464	
0.798405	0.0124987	0.166267	0.0228297	
0.95351	0.0124987	0.0111612	0.0228297	
0.0228758	0.0124987	0.941796	0.0228297	
0.798405	0.0124987	0.0111612	0.177935	
0.643299	0.167604	0.0111612	0.177935	
0.177982	0.0124987	0.321373	0.488147	

#ID = box_5_1_nCmmCnrT
#Score = 43.4152
#W = 8
#Consensus = nCmmCnrT
0.0228758	0.167604	0.631584	0.177935	
0.0228758	0.943133	0.0111612	0.0228297	
0.488193	0.477816	0.0111612	0.0228297	
0.333087	0.477816	0.0111612	0.177935	
0.0228758	0.943133	0.0111612	0.0228297	
0.177982	0.167604	0.631584	0.0228297	
0.488193	0.0124987	0.476479	0.0228297	
0.0228758	0.0124987	0.0111612	0.953464	

#ID = box_6_1_AnTCCTAC
#Score = 38.4875
#W = 8
#Consensus = AnTCCTAC
0.959753	0.0108204	0.00966247	0.0197641	
0.288361	0.0108204	0.278219	0.422599	
0.0198041	0.0108204	0.278219	0.691156	
0.0198041	0.950769	0.00966247	0.0197641	
0.0198041	0.950769	0.00966247	0.0197641	
0.0198041	0.0108204	0.143941	0.825435	
0.825475	0.145099	0.00966247	0.0197641	
0.0198041	0.682212	0.00966247	0.288321	

#ID = box_7_1_CAwCkwTA
#Score = 39.6655
#W = 8
#Consensus = CAwCkwTA
0.0228758	0.943133	0.0111612	0.0228297	
0.95351	0.0124987	0.0111612	0.0228297	
0.488193	0.0124987	0.0111612	0.488147	
0.0228758	0.943133	0.0111612	0.0228297	
0.0228758	0.0124987	0.476479	0.488147	
0.333087	0.0124987	0.321373	0.333041	
0.0228758	0.167604	0.0111612	0.798359	
0.798405	0.167604	0.0111612	0.0228297	

#ID = box_8_1_CAwCknTA
#Score = 39.4256
#W = 8
#Consensus = CAwCknTA
0.0228758	0.788028	0.166267	0.0228297	
0.798405	0.0124987	0.0111612	0.177935	
0.333087	0.167604	0.0111612	0.488147	
0.0228758	0.788028	0.0111612	0.177935	
0.0228758	0.0124987	0.631584	0.333041	
0.643299	0.0124987	0.321373	0.0228297	
0.0228758	0.0124987	0.0111612	0.953464	
0.95351	0.0124987	0.0111612	0.0228297	

#ID = box_9_1_ATTCCTAC
#Score = 38.6049
#W = 8
#Consensus = ATTCCTAC
0.944976	0.0147932	0.0132101	0.0270208	
0.210655	0.0147932	0.0132101	0.761341	
0.0270754	0.0147932	0.0132101	0.944921	
0.0270754	0.932694	0.0132101	0.0270208	
0.0270754	0.749114	0.0132101	0.210601	
0.0270754	0.0147932	0.0132101	0.944921	
0.761396	0.198373	0.0132101	0.0270208	
0.210655	0.749114	0.0132101	0.0270208	

#ID = box_10_1_TGAkATrA
#Score = 38.6698
#W = 8
#Consensus = TGAkATrA
0.210655	0.0147932	0.0132101	0.761341	
0.0270754	0.0147932	0.931111	0.0270208	
0.761396	0.198373	0.0132101	0.0270208	
0.0270754	0.0147932	0.56395	0.394181	
0.944976	0.0147932	0.0132101	0.0270208	
0.0270754	0.0147932	0.0132101	0.944921	
0.394236	0.0147932	0.56395	0.0270208	
0.944976	0.0147932	0.0132101	0.0270208	

#ID = box_11_1_CAwTTCwT
#Score = 32.6053
#W = 8
#Consensus = CAwTTCwT
0.0228758	0.943133	0.0111612	0.0228297	
0.798405	0.0124987	0.166267	0.0228297	
0.333087	0.0124987	0.0111612	0.643253	
0.0228758	0.0124987	0.0111612	0.953464	
0.0228758	0.0124987	0.166267	0.798359	
0.0228758	0.788028	0.166267	0.0228297	
0.488193	0.0124987	0.166267	0.333041	
0.177982	0.0124987	0.0111612	0.798359	

#ID = box_12_1_rAAATGAG
#Score = 35.327
#W = 8
#Consensus = rAAATGAG
0.577816	0.0147932	0.38037	0.0270208	
0.761396	0.0147932	0.19679	0.0270208	
0.944976	0.0147932	0.0132101	0.0270208	
0.944976	0.0147932	0.0132101	0.0270208	
0.210655	0.0147932	0.0132101	0.761341	
0.0270754	0.0147932	0.931111	0.0270208	
0.761396	0.198373	0.0132101	0.0270208	
0.210655	0.0147932	0.747531	0.0270208	

#ID = box_13_1_nTGTAAGA
#Score = 39.4882
#W = 8
#Consensus = nTGTAAGA
0.135842	0.601451	0.0085186	0.254189	
0.135842	0.00953943	0.0085186	0.8461	
0.254224	0.00953943	0.718812	0.0174244	
0.0174596	0.00953943	0.0085186	0.964482	
0.964518	0.00953943	0.0085186	0.0174244	
0.727753	0.00953943	0.245283	0.0174244	
0.0174596	0.00953943	0.955577	0.0174244	
0.846135	0.00953943	0.0085186	0.135807	

#ID = box_14_1_mTTCyTAC
#Score = 40.5116
#W = 8
#Consensus = mTTCyTAC
0.577816	0.381953	0.0132101	0.0270208	
0.0270754	0.0147932	0.0132101	0.944921	
0.0270754	0.0147932	0.19679	0.761341	
0.0270754	0.932694	0.0132101	0.0270208	
0.0270754	0.565534	0.0132101	0.394181	
0.0270754	0.0147932	0.0132101	0.944921	
0.944976	0.0147932	0.0132101	0.0270208	
0.0270754	0.932694	0.0132101	0.0270208	

#ID = box_15_1_TAmwAwwC
#Score = 32.8443
#W = 8
#Consensus = TAmwAwwC
0.0270754	0.0147932	0.0132101	0.944921	
0.761396	0.0147932	0.19679	0.0270208	
0.577816	0.381953	0.0132101	0.0270208	
0.577816	0.0147932	0.0132101	0.394181	
0.944976	0.0147932	0.0132101	0.0270208	
0.577816	0.0147932	0.0132101	0.394181	
0.394236	0.198373	0.0132101	0.394181	
0.0270754	0.932694	0.0132101	0.0270208	

#ID = box_16_1_TGwCATCT
#Score = 40.09
#W = 8
#Consensus = TGwCATCT
0.0228758	0.0124987	0.0111612	0.953464	
0.0228758	0.0124987	0.78669	0.177935	
0.333087	0.0124987	0.321373	0.333041	
0.0228758	0.943133	0.0111612	0.0228297	
0.95351	0.0124987	0.0111612	0.0228297	
0.0228758	0.0124987	0.0111612	0.953464	
0.0228758	0.788028	0.0111612	0.177935	
0.0228758	0.167604	0.0111612	0.798359	

#ID = box_17_1_kCCwAnwT
#Score = 33.4879
#W = 8
#Consensus = kCCwAnwT
0.0270754	0.0147932	0.38037	0.577761	
0.0270754	0.932694	0.0132101	0.0270208	
0.0270754	0.932694	0.0132101	0.0270208	
0.394236	0.0147932	0.0132101	0.577761	
0.761396	0.198373	0.0132101	0.0270208	
0.0270754	0.565534	0.19679	0.210601	
0.394236	0.0147932	0.0132101	0.577761	
0.0270754	0.0147932	0.19679	0.761341	

#ID = box_18_1_GCmmCrrT
#Score = 43.6547
#W = 8
#Consensus = GCmmCrrT
0.0270754	0.0147932	0.931111	0.0270208	
0.0270754	0.932694	0.0132101	0.0270208	
0.394236	0.565534	0.0132101	0.0270208	
0.394236	0.381953	0.19679	0.0270208	
0.0270754	0.932694	0.0132101	0.0270208	
0.394236	0.198373	0.38037	0.0270208	
0.577816	0.0147932	0.38037	0.0270208	
0.0270754	0.0147932	0.0132101	0.944921	

#ID = box_19_1_GTAAGAAn
#Score = 40.2105
#W = 8
#Consensus = GTAAGAAn
0.0270754	0.0147932	0.931111	0.0270208	
0.0270754	0.0147932	0.0132101	0.944921	
0.944976	0.0147932	0.0132101	0.0270208	
0.761396	0.0147932	0.19679	0.0270208	
0.0270754	0.0147932	0.931111	0.0270208	
0.944976	0.0147932	0.0132101	0.0270208	
0.761396	0.0147932	0.0132101	0.210601	
0.577816	0.0147932	0.19679	0.210601	

#ID = box_20_1_TArTnCTn
#Score = 37.7388
#W = 8
#Consensus = TArTnCTn
0.0228758	0.167604	0.0111612	0.798359	
0.95351	0.0124987	0.0111612	0.0228297	
0.333087	0.0124987	0.476479	0.177935	
0.0228758	0.0124987	0.0111612	0.953464	
0.177982	0.632922	0.0111612	0.177935	
0.0228758	0.943133	0.0111612	0.0228297	
0.0228758	0.0124987	0.0111612	0.953464	
0.643299	0.32271	0.0111612	0.0228297	

#ID = box_21_1_nGwwTAGT
#Score = 35.2152
#W = 8
#Consensus = nGwwTAGT
0.422639	0.279377	0.278219	0.0197641	
0.0198041	0.0108204	0.681055	0.288321	
0.556918	0.0108204	0.00966247	0.422599	
0.556918	0.0108204	0.00966247	0.422599	
0.0198041	0.0108204	0.00966247	0.959713	
0.691196	0.0108204	0.00966247	0.288321	
0.0198041	0.0108204	0.681055	0.288321	
0.0198041	0.0108204	0.00966247	0.959713	

#ID = box_22_1_CATCnrTA
#Score = 41.9222
#W = 8
#Consensus = CATCnrTA
0.0270754	0.932694	0.0132101	0.0270208	
0.944976	0.0147932	0.0132101	0.0270208	
0.0270754	0.198373	0.0132101	0.761341	
0.0270754	0.932694	0.0132101	0.0270208	
0.0270754	0.198373	0.56395	0.210601	
0.577816	0.0147932	0.38037	0.0270208	
0.0270754	0.198373	0.0132101	0.761341	
0.761396	0.0147932	0.19679	0.0270208	

#ID = box_23_1_CTGTArGA
=======
#ID = box_1_1_CTGTArGA
>>>>>>> 324c4a2143bb3343be9594996693fd926351c916
#Score = 35.3009
#W = 8
#Consensus = CTGTArGA
0.258023	0.692699	0.0161806	0.0330966	
0.0331635	0.0181196	0.0161806	0.932536	
0.0331635	0.0181196	0.91562	0.0330966	
0.0331635	0.0181196	0.0161806	0.932536	
0.932603	0.0181196	0.0161806	0.0330966	
0.482883	0.0181196	0.4659	0.0330966	
0.0331635	0.0181196	0.91562	0.0330966	
0.932603	0.0181196	0.0161806	0.0330966	

<<<<<<< HEAD
#ID = box_24_1_CrmTATAA
#Score = 37.5955
#W = 8
#Consensus = CrmTATAA
0.210655	0.749114	0.0132101	0.0270208	
0.577816	0.0147932	0.38037	0.0270208	
0.394236	0.381953	0.19679	0.0270208	
0.0270754	0.0147932	0.0132101	0.944921	
0.944976	0.0147932	0.0132101	0.0270208	
0.0270754	0.198373	0.0132101	0.761341	
0.944976	0.0147932	0.0132101	0.0270208	
0.944976	0.0147932	0.0132101	0.0270208	

#ID = box_25_1_kGCCwmCw
#Score = 36.1324
#W = 8
#Consensus = kGCCwmCw
0.0270754	0.0147932	0.38037	0.577761	
0.0270754	0.0147932	0.747531	0.210601	
0.0270754	0.932694	0.0132101	0.0270208	
0.0270754	0.932694	0.0132101	0.0270208	
0.394236	0.0147932	0.0132101	0.577761	
0.577816	0.381953	0.0132101	0.0270208	
0.0270754	0.749114	0.19679	0.0270208	
0.577816	0.0147932	0.0132101	0.394181	

#ID = box_26_1_ATTCCTAC
#Score = 38.7456
#W = 8
#Consensus = ATTCCTAC
0.944976	0.0147932	0.0132101	0.0270208	
0.210655	0.0147932	0.0132101	0.761341	
0.0270754	0.0147932	0.0132101	0.944921	
0.0270754	0.749114	0.0132101	0.210601	
0.0270754	0.749114	0.0132101	0.210601	
0.0270754	0.0147932	0.0132101	0.944921	
0.761396	0.0147932	0.0132101	0.210601	
0.0270754	0.932694	0.0132101	0.0270208	

#ID = box_27_1_CTCwTTTn
#Score = 30.9158
#W = 8
#Consensus = CTCwTTTn
0.0228758	0.943133	0.0111612	0.0228297	
0.0228758	0.0124987	0.0111612	0.953464	
0.0228758	0.788028	0.166267	0.0228297	
0.643299	0.0124987	0.0111612	0.333041	
0.0228758	0.0124987	0.0111612	0.953464	
0.0228758	0.0124987	0.0111612	0.953464	
0.0228758	0.0124987	0.0111612	0.953464	
0.177982	0.632922	0.0111612	0.177935	

#ID = box_28_1_AnTCCTAC
#Score = 40.2899
#W = 8
#Consensus = AnTCCTAC
0.944976	0.0147932	0.0132101	0.0270208	
0.210655	0.0147932	0.19679	0.577761	
0.0270754	0.0147932	0.0132101	0.944921	
0.0270754	0.932694	0.0132101	0.0270208	
0.0270754	0.749114	0.0132101	0.210601	
0.0270754	0.0147932	0.0132101	0.944921	
0.944976	0.0147932	0.0132101	0.0270208	
0.0270754	0.749114	0.0132101	0.210601	

#ID = box_29_1_GAkATrAw
#Score = 38.1572
#W = 8
#Consensus = GAkATrAw
0.0228758	0.0124987	0.941796	0.0228297	
0.95351	0.0124987	0.0111612	0.0228297	
0.0228758	0.0124987	0.476479	0.488147	
0.95351	0.0124987	0.0111612	0.0228297	
0.0228758	0.0124987	0.0111612	0.953464	
0.488193	0.0124987	0.476479	0.0228297	
0.95351	0.0124987	0.0111612	0.0228297	
0.488193	0.167604	0.0111612	0.333041	

#ID = box_30_1_CGATAAww
#Score = 33.6605
#W = 8
#Consensus = CGATAAww
0.0270754	0.749114	0.0132101	0.210601	
0.0270754	0.0147932	0.931111	0.0270208	
0.761396	0.198373	0.0132101	0.0270208	
0.0270754	0.0147932	0.19679	0.761341	
0.761396	0.0147932	0.19679	0.0270208	
0.944976	0.0147932	0.0132101	0.0270208	
0.577816	0.0147932	0.0132101	0.394181	
0.394236	0.0147932	0.0132101	0.577761	

#ID = box_31_1_CAwCkrTA
#Score = 43.2356
#W = 8
#Consensus = CAwCkrTA
0.0228758	0.943133	0.0111612	0.0228297	
0.798405	0.167604	0.0111612	0.0228297	
0.488193	0.167604	0.0111612	0.333041	
0.0228758	0.943133	0.0111612	0.0228297	
0.0228758	0.0124987	0.631584	0.333041	
0.488193	0.0124987	0.476479	0.0228297	
0.0228758	0.0124987	0.0111612	0.953464	
0.798405	0.0124987	0.0111612	0.177935	

#ID = box_32_1_CAnGGATw
#Score = 41.281
#W = 8
#Consensus = CAnGGATw
0.0198041	0.950769	0.00966247	0.0197641	
0.959753	0.0108204	0.00966247	0.0197641	
0.0198041	0.279377	0.278219	0.422599	
0.0198041	0.279377	0.681055	0.0197641	
0.0198041	0.0108204	0.949611	0.0197641	
0.825475	0.0108204	0.00966247	0.154043	
0.0198041	0.0108204	0.278219	0.691156	
0.422639	0.0108204	0.00966247	0.556878	

#ID = box_33_1_skwTTAkT
#Score = 34.8602
#W = 8
#Consensus = skwTTAkT
0.0270754	0.381953	0.38037	0.210601	
0.0270754	0.0147932	0.56395	0.394181	
0.394236	0.0147932	0.0132101	0.577761	
0.0270754	0.0147932	0.0132101	0.944921	
0.0270754	0.0147932	0.0132101	0.944921	
0.944976	0.0147932	0.0132101	0.0270208	
0.210655	0.0147932	0.38037	0.394181	
0.0270754	0.0147932	0.0132101	0.944921	

#ID = box_34_1_CAnGGATw
#Score = 41.281
#W = 8
#Consensus = CAnGGATw
0.0198041	0.950769	0.00966247	0.0197641	
0.959753	0.0108204	0.00966247	0.0197641	
0.0198041	0.279377	0.278219	0.422599	
0.0198041	0.279377	0.681055	0.0197641	
0.0198041	0.0108204	0.949611	0.0197641	
0.825475	0.0108204	0.00966247	0.154043	
0.0198041	0.0108204	0.278219	0.691156	
0.422639	0.0108204	0.00966247	0.556878	

#ID = box_35_1_CAwCknTA
#Score = 43.1228
#W = 8
#Consensus = CAwCknTA
0.0228758	0.943133	0.0111612	0.0228297	
0.95351	0.0124987	0.0111612	0.0228297	
0.333087	0.167604	0.0111612	0.488147	
0.0228758	0.943133	0.0111612	0.0228297	
0.0228758	0.0124987	0.476479	0.488147	
0.643299	0.0124987	0.321373	0.0228297	
0.0228758	0.0124987	0.0111612	0.953464	
0.798405	0.0124987	0.166267	0.0228297	

#ID = box_36_1_CAnsGATw
#Score = 42.3891
#W = 8
#Consensus = CAnsGATw
0.0174596	0.956597	0.0085186	0.0174244	
0.964518	0.00953943	0.0085186	0.0174244	
0.0174596	0.246304	0.245283	0.490953	
0.0174596	0.364686	0.60043	0.0174244	
0.0174596	0.00953943	0.955577	0.0174244	
0.727753	0.00953943	0.126901	0.135807	
0.0174596	0.00953943	0.245283	0.727718	
0.490989	0.00953943	0.0085186	0.490953	

#ID = box_37_1_CAkyGGTA
#Score = 40.8157
#W = 8
#Consensus = CAkyGGTA
0.0270754	0.749114	0.0132101	0.210601	
0.761396	0.0147932	0.19679	0.0270208	
0.0270754	0.0147932	0.38037	0.577761	
0.0270754	0.565534	0.0132101	0.394181	
0.0270754	0.0147932	0.747531	0.210601	
0.210655	0.0147932	0.747531	0.0270208	
0.210655	0.0147932	0.0132101	0.761341	
0.944976	0.0147932	0.0132101	0.0270208	

#ID = box_38_1_CCwmmwTG
#Score = 35.513
#W = 8
#Consensus = CCwmmwTG
0.0270754	0.932694	0.0132101	0.0270208	
0.0270754	0.932694	0.0132101	0.0270208	
0.394236	0.0147932	0.0132101	0.577761	
0.577816	0.381953	0.0132101	0.0270208	
0.394236	0.381953	0.0132101	0.210601	
0.577816	0.0147932	0.0132101	0.394181	
0.0270754	0.0147932	0.19679	0.761341	
0.0270754	0.0147932	0.931111	0.0270208	

#ID = box_39_1_CAkGGAkw
#Score = 42.6253
#W = 8
#Consensus = CAkGGAkw
0.0270754	0.932694	0.0132101	0.0270208	
0.944976	0.0147932	0.0132101	0.0270208	
0.0270754	0.0147932	0.38037	0.577761	
0.0270754	0.198373	0.747531	0.0270208	
0.0270754	0.0147932	0.931111	0.0270208	
0.944976	0.0147932	0.0132101	0.0270208	
0.0270754	0.0147932	0.38037	0.577761	
0.394236	0.0147932	0.0132101	0.577761	

#ID = box_40_1_CAnCTrTA
#Score = 38.0261
#W = 8
#Consensus = CAnCTrTA
0.0198041	0.950769	0.00966247	0.0197641	
0.959753	0.0108204	0.00966247	0.0197641	
0.556918	0.0108204	0.143941	0.288321	
0.154083	0.816491	0.00966247	0.0197641	
0.0198041	0.0108204	0.278219	0.691156	
0.556918	0.0108204	0.412498	0.0197641	
0.288361	0.0108204	0.00966247	0.691156	
0.959753	0.0108204	0.00966247	0.0197641	

#ID = box_41_1_ACTATAAr
#Score = 37.985
#W = 8
#Consensus = ACTATAAr
0.944976	0.0147932	0.0132101	0.0270208	
0.0270754	0.932694	0.0132101	0.0270208	
0.0270754	0.0147932	0.0132101	0.944921	
0.761396	0.0147932	0.19679	0.0270208	
0.210655	0.0147932	0.0132101	0.761341	
0.944976	0.0147932	0.0132101	0.0270208	
0.761396	0.198373	0.0132101	0.0270208	
0.394236	0.0147932	0.56395	0.0270208	

#ID = box_42_1_CnwyGnTA
#Score = 39.4977
#W = 8
#Consensus = CnwyGnTA
0.0228758	0.943133	0.0111612	0.0228297	
0.643299	0.0124987	0.321373	0.0228297	
0.333087	0.167604	0.0111612	0.488147	
0.0228758	0.632922	0.0111612	0.333041	
0.0228758	0.0124987	0.78669	0.177935	
0.643299	0.0124987	0.321373	0.0228297	
0.0228758	0.0124987	0.0111612	0.953464	
0.798405	0.0124987	0.0111612	0.177935	

#ID = box_43_1_ACTATAAG
#Score = 33.3402
#W = 8
#Consensus = ACTATAAG
0.932603	0.0181196	0.0161806	0.0330966	
0.0331635	0.917559	0.0161806	0.0330966	
0.0331635	0.0181196	0.0161806	0.932536	
0.707743	0.0181196	0.24104	0.0330966	
0.0331635	0.0181196	0.0161806	0.932536	
0.932603	0.0181196	0.0161806	0.0330966	
0.932603	0.0181196	0.0161806	0.0330966	
0.258023	0.0181196	0.69076	0.0330966	

#ID = box_44_1_CAwCknTA
#Score = 43.1228
#W = 8
#Consensus = CAwCknTA
0.0228758	0.943133	0.0111612	0.0228297	
0.95351	0.0124987	0.0111612	0.0228297	
0.333087	0.167604	0.0111612	0.488147	
0.0228758	0.943133	0.0111612	0.0228297	
0.0228758	0.0124987	0.476479	0.488147	
0.643299	0.0124987	0.321373	0.0228297	
0.0228758	0.0124987	0.0111612	0.953464	
0.798405	0.0124987	0.166267	0.0228297	

#ID = box_45_1_CAyCGrTA
#Score = 42.1518
#W = 8
#Consensus = CAyCGrTA
0.0270754	0.749114	0.0132101	0.210601	
0.944976	0.0147932	0.0132101	0.0270208	
0.0270754	0.381953	0.0132101	0.577761	
0.0270754	0.932694	0.0132101	0.0270208	
0.0270754	0.198373	0.747531	0.0270208	
0.577816	0.0147932	0.38037	0.0270208	
0.0270754	0.198373	0.0132101	0.761341	
0.761396	0.0147932	0.19679	0.0270208	

#ID = box_46_1_mTTCyTAC
#Score = 40.5116
#W = 8
#Consensus = mTTCyTAC
0.577816	0.381953	0.0132101	0.0270208	
0.0270754	0.0147932	0.0132101	0.944921	
0.0270754	0.0147932	0.19679	0.761341	
0.0270754	0.932694	0.0132101	0.0270208	
0.0270754	0.565534	0.0132101	0.394181	
0.0270754	0.0147932	0.0132101	0.944921	
0.944976	0.0147932	0.0132101	0.0270208	
0.0270754	0.932694	0.0132101	0.0270208	

#ID = box_47_1_nTTCyTAC
#Score = 40.298
#W = 8
#Consensus = nTTCyTAC
0.643299	0.32271	0.0111612	0.0228297	
0.177982	0.0124987	0.0111612	0.798359	
0.0228758	0.0124987	0.166267	0.798359	
0.0228758	0.943133	0.0111612	0.0228297	
0.0228758	0.632922	0.0111612	0.333041	
0.0228758	0.0124987	0.0111612	0.953464	
0.95351	0.0124987	0.0111612	0.0228297	
0.0228758	0.943133	0.0111612	0.0228297	

#ID = box_48_1_CAwCknTA
#Score = 43.1228
#W = 8
#Consensus = CAwCknTA
0.0228758	0.943133	0.0111612	0.0228297	
0.95351	0.0124987	0.0111612	0.0228297	
0.333087	0.167604	0.0111612	0.488147	
0.0228758	0.943133	0.0111612	0.0228297	
0.0228758	0.0124987	0.476479	0.488147	
0.643299	0.0124987	0.321373	0.0228297	
0.0228758	0.0124987	0.0111612	0.953464	
0.798405	0.0124987	0.166267	0.0228297	

#ID = box_49_1_CAwCknTA
#Score = 43.1228
#W = 8
#Consensus = CAwCknTA
0.0228758	0.943133	0.0111612	0.0228297	
0.95351	0.0124987	0.0111612	0.0228297	
0.333087	0.167604	0.0111612	0.488147	
0.0228758	0.943133	0.0111612	0.0228297	
0.0228758	0.0124987	0.476479	0.488147	
0.643299	0.0124987	0.321373	0.0228297	
0.0228758	0.0124987	0.0111612	0.953464	
0.798405	0.0124987	0.166267	0.0228297	

#ID = box_50_1_CAwCknTA
#Score = 43.06
#W = 8
#Consensus = CAwCknTA
0.0228758	0.943133	0.0111612	0.0228297	
0.95351	0.0124987	0.0111612	0.0228297	
0.488193	0.167604	0.0111612	0.333041	
0.0228758	0.943133	0.0111612	0.0228297	
0.0228758	0.0124987	0.631584	0.333041	
0.488193	0.0124987	0.321373	0.177935	
0.0228758	0.0124987	0.0111612	0.953464	
0.798405	0.167604	0.0111612	0.0228297	

#ID = box_51_1_GTGnnAwn
#Score = 39.4722
#W = 8
#Consensus = GTGnnAwn
0.0228758	0.0124987	0.941796	0.0228297	
0.0228758	0.0124987	0.0111612	0.953464	
0.0228758	0.0124987	0.941796	0.0228297	
0.177982	0.32271	0.476479	0.0228297	
0.488193	0.32271	0.0111612	0.177935	
0.95351	0.0124987	0.0111612	0.0228297	
0.333087	0.32271	0.0111612	0.333041	
0.643299	0.32271	0.0111612	0.0228297	

#ID = box_52_1_nTGTAAGA
#Score = 39.6013
#W = 8
#Consensus = nTGTAAGA
0.135842	0.601451	0.0085186	0.254189	
0.135842	0.00953943	0.0085186	0.8461	
0.254224	0.00953943	0.718812	0.0174244	
0.0174596	0.00953943	0.0085186	0.964482	
0.846135	0.00953943	0.126901	0.0174244	
0.727753	0.00953943	0.245283	0.0174244	
0.0174596	0.00953943	0.955577	0.0174244	
0.964518	0.00953943	0.0085186	0.0174244	

#ID = box_53_1_CAwCkrTA
#Score = 40.7565
#W = 8
#Consensus = CAwCkrTA
0.0228758	0.943133	0.0111612	0.0228297	
0.798405	0.0124987	0.166267	0.0228297	
0.488193	0.0124987	0.0111612	0.488147	
0.0228758	0.788028	0.0111612	0.177935	
0.0228758	0.0124987	0.631584	0.333041	
0.333087	0.0124987	0.476479	0.177935	
0.0228758	0.0124987	0.0111612	0.953464	
0.798405	0.167604	0.0111612	0.0228297	

#ID = box_54_1_nyGrTwTA
#Score = 33.6015
#W = 8
#Consensus = nyGrTwTA
0.577816	0.198373	0.0132101	0.210601	
0.0270754	0.565534	0.0132101	0.394181	
0.0270754	0.0147932	0.931111	0.0270208	
0.394236	0.0147932	0.56395	0.0270208	
0.210655	0.0147932	0.0132101	0.761341	
0.577816	0.0147932	0.0132101	0.394181	
0.210655	0.0147932	0.0132101	0.761341	
0.944976	0.0147932	0.0132101	0.0270208	

#ID = box_55_1_ACTAwAAn
#Score = 31.825
#W = 8
#Consensus = ACTAwAAn
0.761396	0.0147932	0.0132101	0.210601	
0.0270754	0.749114	0.19679	0.0270208	
0.210655	0.0147932	0.0132101	0.761341	
0.944976	0.0147932	0.0132101	0.0270208	
0.394236	0.0147932	0.0132101	0.577761	
0.944976	0.0147932	0.0132101	0.0270208	
0.944976	0.0147932	0.0132101	0.0270208	
0.210655	0.0147932	0.56395	0.210601	

#ID = box_56_1_GnCACnnn
#Score = 38.2729
#W = 8
#Consensus = GnCACnnn
0.177982	0.0124987	0.78669	0.0228297	
0.0228758	0.632922	0.321373	0.0228297	
0.0228758	0.943133	0.0111612	0.0228297	
0.95351	0.0124987	0.0111612	0.0228297	
0.177982	0.788028	0.0111612	0.0228297	
0.0228758	0.477816	0.321373	0.177935	
0.488193	0.0124987	0.321373	0.177935	
0.177982	0.0124987	0.166267	0.643253	

#ID = box_57_1_yAmywrTm
#Score = 32.658
#W = 8
#Consensus = yAmywrTm
0.0228758	0.632922	0.0111612	0.333041	
0.95351	0.0124987	0.0111612	0.0228297	
0.488193	0.477816	0.0111612	0.0228297	
0.0228758	0.477816	0.0111612	0.488147	
0.333087	0.0124987	0.0111612	0.643253	
0.488193	0.0124987	0.476479	0.0228297	
0.0228758	0.0124987	0.0111612	0.953464	
0.488193	0.477816	0.0111612	0.0228297	

#ID = box_58_1_CATsGATw
#Score = 43.1246
#W = 8
#Consensus = CATsGATw
0.0270754	0.932694	0.0132101	0.0270208	
0.944976	0.0147932	0.0132101	0.0270208	
0.0270754	0.0147932	0.19679	0.761341	
0.0270754	0.381953	0.56395	0.0270208	
0.0270754	0.0147932	0.931111	0.0270208	
0.761396	0.0147932	0.19679	0.0270208	
0.0270754	0.0147932	0.19679	0.761341	
0.394236	0.0147932	0.0132101	0.577761	

#ID = box_59_1_CTAAwAkw
#Score = 29.2228
#W = 8
#Consensus = CTAAwAkw
0.210655	0.749114	0.0132101	0.0270208	
0.0270754	0.0147932	0.0132101	0.944921	
0.761396	0.0147932	0.0132101	0.210601	
0.944976	0.0147932	0.0132101	0.0270208	
0.394236	0.0147932	0.0132101	0.577761	
0.761396	0.0147932	0.0132101	0.210601	
0.210655	0.0147932	0.38037	0.394181	
0.394236	0.0147932	0.0132101	0.577761	

#ID = box_60_1_nTTCyTAC
#Score = 38.8979
#W = 8
#Consensus = nTTCyTAC
0.643299	0.32271	0.0111612	0.0228297	
0.177982	0.0124987	0.0111612	0.798359	
0.177982	0.0124987	0.0111612	0.798359	
0.0228758	0.943133	0.0111612	0.0228297	
0.177982	0.477816	0.0111612	0.333041	
0.0228758	0.0124987	0.0111612	0.953464	
0.95351	0.0124987	0.0111612	0.0228297	
0.0228758	0.943133	0.0111612	0.0228297	

#ID = box_61_1_CAwCknTA
#Score = 43.1228
#W = 8
#Consensus = CAwCknTA
0.0228758	0.943133	0.0111612	0.0228297	
0.95351	0.0124987	0.0111612	0.0228297	
0.333087	0.167604	0.0111612	0.488147	
0.0228758	0.943133	0.0111612	0.0228297	
0.0228758	0.0124987	0.476479	0.488147	
0.643299	0.0124987	0.321373	0.0228297	
0.0228758	0.0124987	0.0111612	0.953464	
0.798405	0.0124987	0.166267	0.0228297	

#ID = box_62_1_nTCrrTAy
#Score = 32.351
#W = 8
#Consensus = nTCrrTAy
0.577816	0.198373	0.0132101	0.210601	
0.0270754	0.0147932	0.0132101	0.944921	
0.210655	0.749114	0.0132101	0.0270208	
0.394236	0.0147932	0.56395	0.0270208	
0.394236	0.0147932	0.38037	0.210601	
0.0270754	0.0147932	0.0132101	0.944921	
0.761396	0.0147932	0.0132101	0.210601	
0.0270754	0.565534	0.0132101	0.394181	

#ID = box_63_1_wGwCATCT
#Score = 35.9777
#W = 8
#Consensus = wGwCATCT
0.488193	0.0124987	0.0111612	0.488147	
0.177982	0.0124987	0.78669	0.0228297	
0.333087	0.0124987	0.321373	0.333041	
0.0228758	0.943133	0.0111612	0.0228297	
0.798405	0.0124987	0.0111612	0.177935	
0.177982	0.0124987	0.0111612	0.798359	
0.0228758	0.943133	0.0111612	0.0228297	
0.0228758	0.0124987	0.166267	0.798359	

#ID = box_64_1_GCnnCsrT
#Score = 42.8563
#W = 8
#Consensus = GCnnCsrT
0.0270754	0.0147932	0.747531	0.210601	
0.0270754	0.932694	0.0132101	0.0270208	
0.210655	0.565534	0.19679	0.0270208	
0.577816	0.198373	0.0132101	0.210601	
0.0270754	0.932694	0.0132101	0.0270208	
0.0270754	0.381953	0.56395	0.0270208	
0.577816	0.0147932	0.38037	0.0270208	
0.0270754	0.198373	0.0132101	0.761341	

#ID = box_65_1_CTrTAnGA
#Score = 41.2062
#W = 8
#Consensus = CTrTAnGA
0.177982	0.788028	0.0111612	0.0228297	
0.0228758	0.0124987	0.0111612	0.953464	
0.333087	0.0124987	0.631584	0.0228297	
0.0228758	0.0124987	0.0111612	0.953464	
0.798405	0.0124987	0.166267	0.0228297	
0.643299	0.0124987	0.321373	0.0228297	
0.0228758	0.0124987	0.941796	0.0228297	
0.95351	0.0124987	0.0111612	0.0228297	

#ID = box_66_1_CTrTAnGA
=======
#ID = box_2_1_nACTATAA
#Score = 37.8198
#W = 8
#Consensus = nACTATAA
0.643299	0.167604	0.0111612	0.177935	
0.95351	0.0124987	0.0111612	0.0228297	
0.0228758	0.788028	0.0111612	0.177935	
0.0228758	0.0124987	0.0111612	0.953464	
0.95351	0.0124987	0.0111612	0.0228297	
0.0228758	0.167604	0.0111612	0.798359	
0.95351	0.0124987	0.0111612	0.0228297	
0.95351	0.0124987	0.0111612	0.0228297	

#ID = box_3_1_wGAGATrA
#Score = 39.7064
#W = 8
#Consensus = wGAGATrA
0.394236	0.0147932	0.0132101	0.577761	
0.0270754	0.0147932	0.931111	0.0270208	
0.761396	0.198373	0.0132101	0.0270208	
0.0270754	0.0147932	0.931111	0.0270208	
0.944976	0.0147932	0.0132101	0.0270208	
0.0270754	0.198373	0.0132101	0.761341	
0.577816	0.0147932	0.38037	0.0270208	
0.944976	0.0147932	0.0132101	0.0270208	

#ID = box_4_1_GCmnCnrT
#Score = 43.3084
#W = 8
#Consensus = GCmnCnrT
0.0228758	0.0124987	0.78669	0.177935	
0.0228758	0.943133	0.0111612	0.0228297	
0.333087	0.632922	0.0111612	0.0228297	
0.488193	0.32271	0.0111612	0.177935	
0.0228758	0.943133	0.0111612	0.0228297	
0.177982	0.32271	0.476479	0.0228297	
0.333087	0.0124987	0.631584	0.0228297	
0.177982	0.0124987	0.0111612	0.798359	

#ID = box_5_1_CTrTAnGA
>>>>>>> 324c4a2143bb3343be9594996693fd926351c916
#Score = 41.0992
#W = 8
#Consensus = CTrTAnGA
0.177982	0.788028	0.0111612	0.0228297	
0.0228758	0.0124987	0.0111612	0.953464	
0.333087	0.0124987	0.631584	0.0228297	
0.0228758	0.0124987	0.0111612	0.953464	
0.95351	0.0124987	0.0111612	0.0228297	
0.643299	0.0124987	0.321373	0.0228297	
0.0228758	0.0124987	0.941796	0.0228297	
0.798405	0.0124987	0.0111612	0.177935	

<<<<<<< HEAD
#ID = box_67_1_ACTATAAr
#Score = 37.985
#W = 8
#Consensus = ACTATAAr
0.944976	0.0147932	0.0132101	0.0270208	
0.0270754	0.932694	0.0132101	0.0270208	
0.0270754	0.0147932	0.0132101	0.944921	
0.761396	0.0147932	0.19679	0.0270208	
0.210655	0.0147932	0.0132101	0.761341	
0.944976	0.0147932	0.0132101	0.0270208	
0.761396	0.198373	0.0132101	0.0270208	
0.394236	0.0147932	0.56395	0.0270208	

#ID = box_68_1_GnTGnnAT
#Score = 36.8652
#W = 8
#Consensus = GnTGnnAT
0.0228758	0.167604	0.78669	0.0228297	
0.0228758	0.32271	0.0111612	0.643253	
0.0228758	0.0124987	0.0111612	0.953464	
0.0228758	0.0124987	0.941796	0.0228297	
0.0228758	0.477816	0.321373	0.177935	
0.0228758	0.32271	0.0111612	0.643253	
0.798405	0.167604	0.0111612	0.0228297	
0.0228758	0.167604	0.0111612	0.798359	

#ID = box_69_1_TTwAATTA
#Score = 33.6116
#W = 8
#Consensus = TTwAATTA
0.0270754	0.0147932	0.0132101	0.944921	
0.0270754	0.198373	0.0132101	0.761341	
0.394236	0.0147932	0.19679	0.394181	
0.761396	0.0147932	0.0132101	0.210601	
0.944976	0.0147932	0.0132101	0.0270208	
0.0270754	0.0147932	0.0132101	0.944921	
0.0270754	0.0147932	0.0132101	0.944921	
0.944976	0.0147932	0.0132101	0.0270208	

#ID = box_70_1_TGnCATCT
#Score = 38.7443
#W = 8
#Consensus = TGnCATCT
0.0198041	0.0108204	0.00966247	0.959713	
0.0198041	0.0108204	0.815333	0.154043	
0.288361	0.0108204	0.278219	0.422599	
0.0198041	0.950769	0.00966247	0.0197641	
0.825475	0.0108204	0.143941	0.0197641	
0.0198041	0.0108204	0.00966247	0.959713	
0.0198041	0.682212	0.00966247	0.288321	
0.0198041	0.145099	0.143941	0.691156	

#ID = box_71_1_GAnmrywG
#Score = 39.0865
#W = 8
#Consensus = GAnmrywG
0.0228758	0.0124987	0.78669	0.177935	
0.798405	0.0124987	0.166267	0.0228297	
0.0228758	0.32271	0.0111612	0.643253	
0.333087	0.632922	0.0111612	0.0228297	
0.488193	0.0124987	0.476479	0.0228297	
0.0228758	0.632922	0.0111612	0.333041	
0.643299	0.0124987	0.0111612	0.333041	
0.0228758	0.0124987	0.941796	0.0228297	

#ID = box_72_1_CAwCkrTA
#Score = 43.2356
#W = 8
#Consensus = CAwCkrTA
0.0228758	0.943133	0.0111612	0.0228297	
0.798405	0.167604	0.0111612	0.0228297	
0.488193	0.167604	0.0111612	0.333041	
0.0228758	0.943133	0.0111612	0.0228297	
0.0228758	0.0124987	0.631584	0.333041	
0.488193	0.0124987	0.476479	0.0228297	
0.0228758	0.0124987	0.0111612	0.953464	
0.798405	0.0124987	0.0111612	0.177935	

#ID = box_73_1_GnnTnTTC
#Score = 33.1109
#W = 8
#Consensus = GnnTnTTC
0.0228758	0.0124987	0.78669	0.177935	
0.177982	0.632922	0.166267	0.0228297	
0.643299	0.32271	0.0111612	0.0228297	
0.0228758	0.0124987	0.0111612	0.953464	
0.177982	0.632922	0.0111612	0.177935	
0.177982	0.0124987	0.0111612	0.798359	
0.0228758	0.0124987	0.0111612	0.953464	
0.0228758	0.788028	0.0111612	0.177935	

#ID = box_74_1_CTyATkTC
#Score = 34.2782
#W = 8
#Consensus = CTyATkTC
0.210655	0.749114	0.0132101	0.0270208	
0.0270754	0.0147932	0.0132101	0.944921	
0.0270754	0.381953	0.0132101	0.577761	
0.761396	0.198373	0.0132101	0.0270208	
0.0270754	0.0147932	0.0132101	0.944921	
0.0270754	0.0147932	0.38037	0.577761	
0.210655	0.0147932	0.0132101	0.761341	
0.0270754	0.932694	0.0132101	0.0270208	

#ID = box_75_1_rAAAwGAG
#Score = 37.7563
#W = 8
#Consensus = rAAAwGAG
0.577816	0.0147932	0.38037	0.0270208	
0.761396	0.198373	0.0132101	0.0270208	
0.944976	0.0147932	0.0132101	0.0270208	
0.944976	0.0147932	0.0132101	0.0270208	
0.394236	0.0147932	0.0132101	0.577761	
0.0270754	0.0147932	0.931111	0.0270208	
0.944976	0.0147932	0.0132101	0.0270208	
0.0270754	0.198373	0.747531	0.0270208	

#ID = box_76_1_TTCyTACn
#Score = 35.964
#W = 8
#Consensus = TTCyTACn
0.0270754	0.0147932	0.0132101	0.944921	
0.0270754	0.0147932	0.0132101	0.944921	
0.0270754	0.932694	0.0132101	0.0270208	
0.0270754	0.565534	0.0132101	0.394181	
0.0270754	0.0147932	0.0132101	0.944921	
0.761396	0.198373	0.0132101	0.0270208	
0.0270754	0.749114	0.0132101	0.210601	
0.210655	0.0147932	0.19679	0.577761	

#ID = box_77_1_CAyCGrTA
#Score = 40.7578
#W = 8
#Consensus = CAyCGrTA
0.0270754	0.932694	0.0132101	0.0270208	
0.761396	0.198373	0.0132101	0.0270208	
0.210655	0.381953	0.0132101	0.394181	
0.210655	0.749114	0.0132101	0.0270208	
0.0270754	0.0147932	0.931111	0.0270208	
0.394236	0.0147932	0.38037	0.210601	
0.0270754	0.0147932	0.19679	0.761341	
0.761396	0.0147932	0.0132101	0.210601	

#ID = box_78_1_wAwTCCTA
#Score = 35.6025
#W = 8
#Consensus = wAwTCCTA
0.333087	0.0124987	0.0111612	0.643253	
0.95351	0.0124987	0.0111612	0.0228297	
0.333087	0.0124987	0.0111612	0.643253	
0.0228758	0.0124987	0.0111612	0.953464	
0.177982	0.788028	0.0111612	0.0228297	
0.0228758	0.943133	0.0111612	0.0228297	
0.0228758	0.0124987	0.0111612	0.953464	
0.798405	0.167604	0.0111612	0.0228297	

#ID = box_79_1_GAkATAAw
#Score = 36.088
#W = 8
#Consensus = GAkATAAw
0.0228758	0.0124987	0.941796	0.0228297	
0.798405	0.167604	0.0111612	0.0228297	
0.0228758	0.0124987	0.631584	0.333041	
0.95351	0.0124987	0.0111612	0.0228297	
0.177982	0.0124987	0.0111612	0.798359	
0.798405	0.0124987	0.166267	0.0228297	
0.95351	0.0124987	0.0111612	0.0228297	
0.333087	0.0124987	0.0111612	0.643253	

#ID = box_80_1_CAwCkrTA
#Score = 43.2356
#W = 8
#Consensus = CAwCkrTA
0.0228758	0.943133	0.0111612	0.0228297	
0.798405	0.167604	0.0111612	0.0228297	
0.488193	0.167604	0.0111612	0.333041	
0.0228758	0.943133	0.0111612	0.0228297	
0.0228758	0.0124987	0.631584	0.333041	
0.488193	0.0124987	0.476479	0.0228297	
0.0228758	0.0124987	0.0111612	0.953464	
0.798405	0.0124987	0.0111612	0.177935	

#ID = box_81_1_nCAwCknT
#Score = 40.1695
#W = 8
#Consensus = nCAwCknT
0.488193	0.32271	0.0111612	0.177935	
0.0228758	0.943133	0.0111612	0.0228297	
0.95351	0.0124987	0.0111612	0.0228297	
0.488193	0.167604	0.0111612	0.333041	
0.0228758	0.943133	0.0111612	0.0228297	
0.0228758	0.0124987	0.631584	0.333041	
0.488193	0.0124987	0.321373	0.177935	
0.0228758	0.0124987	0.0111612	0.953464	

#ID = box_82_1_ynknGrwA
#Score = 40.607
#W = 8
#Consensus = ynknGrwA
0.0228758	0.632922	0.0111612	0.333041	
0.643299	0.0124987	0.166267	0.177935	
0.0228758	0.0124987	0.476479	0.488147	
0.0228758	0.32271	0.0111612	0.643253	
0.0228758	0.0124987	0.941796	0.0228297	
0.333087	0.0124987	0.631584	0.0228297	
0.333087	0.0124987	0.0111612	0.643253	
0.95351	0.0124987	0.0111612	0.0228297	

#ID = box_83_1_AywATTrT
#Score = 33.2481
#W = 8
#Consensus = AywATTrT
0.944976	0.0147932	0.0132101	0.0270208	
0.0270754	0.381953	0.0132101	0.577761	
0.577816	0.0147932	0.0132101	0.394181	
0.944976	0.0147932	0.0132101	0.0270208	
0.0270754	0.0147932	0.0132101	0.944921	
0.210655	0.0147932	0.0132101	0.761341	
0.577816	0.0147932	0.38037	0.0270208	
0.0270754	0.0147932	0.0132101	0.944921	

#ID = box_84_1_nTCnTCTn
#Score = 38.0951
#W = 8
#Consensus = nTCnTCTn
0.177982	0.0124987	0.631584	0.177935	
0.0228758	0.0124987	0.166267	0.798359	
0.0228758	0.788028	0.0111612	0.177935	
0.177982	0.632922	0.0111612	0.177935	
0.0228758	0.0124987	0.0111612	0.953464	
0.0228758	0.943133	0.0111612	0.0228297	
0.0228758	0.0124987	0.0111612	0.953464	
0.0228758	0.0124987	0.321373	0.643253	

#ID = box_85_1_mCTrnArG
#Score = 39.7373
#W = 8
#Consensus = mCTrnArG
0.556918	0.413656	0.00966247	0.0197641	
0.0198041	0.950769	0.00966247	0.0197641	
0.0198041	0.0108204	0.00966247	0.959713	
0.556918	0.0108204	0.412498	0.0197641	
0.154083	0.279377	0.00966247	0.556878	
0.959753	0.0108204	0.00966247	0.0197641	
0.422639	0.0108204	0.546776	0.0197641	
0.0198041	0.0108204	0.949611	0.0197641	

#ID = box_86_1_nGCCwmCn
#Score = 37.4918
#W = 8
#Consensus = nGCCwmCn
0.177982	0.0124987	0.166267	0.643253	
0.0228758	0.0124987	0.941796	0.0228297	
0.0228758	0.788028	0.166267	0.0228297	
0.0228758	0.943133	0.0111612	0.0228297	
0.333087	0.32271	0.0111612	0.333041	
0.488193	0.477816	0.0111612	0.0228297	
0.0228758	0.943133	0.0111612	0.0228297	
0.488193	0.0124987	0.321373	0.177935	

#ID = box_87_1_CAwCkrTA
=======
#ID = box_6_1_AACTrTAA
#Score = 34.2872
#W = 8
#Consensus = AACTrTAA
0.825475	0.0108204	0.00966247	0.154043	
0.959753	0.0108204	0.00966247	0.0197641	
0.0198041	0.682212	0.00966247	0.288321	
0.0198041	0.0108204	0.00966247	0.959713	
0.556918	0.0108204	0.412498	0.0197641	
0.0198041	0.0108204	0.00966247	0.959713	
0.825475	0.0108204	0.00966247	0.154043	
0.825475	0.0108204	0.00966247	0.154043	

#ID = box_7_1_AnTCyTAC
#Score = 37.8443
#W = 8
#Consensus = AnTCyTAC
0.798405	0.167604	0.0111612	0.0228297	
0.0228758	0.0124987	0.321373	0.643253	
0.0228758	0.0124987	0.166267	0.798359	
0.0228758	0.943133	0.0111612	0.0228297	
0.0228758	0.632922	0.0111612	0.333041	
0.0228758	0.0124987	0.0111612	0.953464	
0.798405	0.167604	0.0111612	0.0228297	
0.0228758	0.788028	0.0111612	0.177935	

#ID = box_8_1_nGTAAGAA
#Score = 40.8002
#W = 8
#Consensus = nGTAAGAA
0.210655	0.198373	0.0132101	0.577761	
0.0270754	0.0147932	0.931111	0.0270208	
0.0270754	0.0147932	0.0132101	0.944921	
0.944976	0.0147932	0.0132101	0.0270208	
0.761396	0.0147932	0.19679	0.0270208	
0.0270754	0.0147932	0.931111	0.0270208	
0.944976	0.0147932	0.0132101	0.0270208	
0.761396	0.198373	0.0132101	0.0270208	

#ID = box_9_1_nTTCyTAC
#Score = 40.298
#W = 8
#Consensus = nTTCyTAC
0.643299	0.32271	0.0111612	0.0228297	
0.177982	0.0124987	0.0111612	0.798359	
0.0228758	0.0124987	0.166267	0.798359	
0.0228758	0.943133	0.0111612	0.0228297	
0.0228758	0.632922	0.0111612	0.333041	
0.0228758	0.0124987	0.0111612	0.953464	
0.95351	0.0124987	0.0111612	0.0228297	
0.0228758	0.943133	0.0111612	0.0228297	

#ID = box_10_1_AAnswnCG
#Score = 38.4492
#W = 8
#Consensus = AAnswnCG
0.944976	0.0147932	0.0132101	0.0270208	
0.944976	0.0147932	0.0132101	0.0270208	
0.210655	0.0147932	0.19679	0.577761	
0.0270754	0.565534	0.38037	0.0270208	
0.394236	0.198373	0.0132101	0.394181	
0.210655	0.565534	0.0132101	0.210601	
0.0270754	0.932694	0.0132101	0.0270208	
0.0270754	0.0147932	0.931111	0.0270208	

#ID = box_11_1_CTCwTTTy
#Score = 30.7647
#W = 8
#Consensus = CTCwTTTy
0.0228758	0.943133	0.0111612	0.0228297	
0.0228758	0.0124987	0.0111612	0.953464	
0.0228758	0.788028	0.166267	0.0228297	
0.488193	0.0124987	0.0111612	0.488147	
0.0228758	0.0124987	0.0111612	0.953464	
0.0228758	0.0124987	0.0111612	0.953464	
0.0228758	0.0124987	0.166267	0.798359	
0.0228758	0.632922	0.0111612	0.333041	

#ID = box_12_1_CAwCkrTA
>>>>>>> 324c4a2143bb3343be9594996693fd926351c916
#Score = 43.2356
#W = 8
#Consensus = CAwCkrTA
0.0228758	0.943133	0.0111612	0.0228297	
0.798405	0.167604	0.0111612	0.0228297	
0.488193	0.167604	0.0111612	0.333041	
0.0228758	0.943133	0.0111612	0.0228297	
0.0228758	0.0124987	0.631584	0.333041	
0.488193	0.0124987	0.476479	0.0228297	
0.0228758	0.0124987	0.0111612	0.953464	
0.798405	0.0124987	0.0111612	0.177935	

<<<<<<< HEAD
#ID = box_88_1_ArTCCTmT
#Score = 41.8598
#W = 8
#Consensus = ArTCCTmT
0.761396	0.198373	0.0132101	0.0270208	
0.394236	0.0147932	0.56395	0.0270208	
0.0270754	0.0147932	0.0132101	0.944921	
0.0270754	0.749114	0.0132101	0.210601	
0.0270754	0.932694	0.0132101	0.0270208	
0.0270754	0.0147932	0.0132101	0.944921	
0.394236	0.565534	0.0132101	0.0270208	
0.0270754	0.0147932	0.0132101	0.944921	

#ID = box_89_1_ATTCCTAC
#Score = 38.6866
#W = 8
#Consensus = ATTCCTAC
0.825475	0.145099	0.00966247	0.0197641	
0.154083	0.0108204	0.00966247	0.825435	
0.154083	0.0108204	0.143941	0.691156	
0.288361	0.682212	0.00966247	0.0197641	
0.0198041	0.816491	0.00966247	0.154043	
0.0198041	0.0108204	0.00966247	0.959713	
0.959753	0.0108204	0.00966247	0.0197641	
0.0198041	0.950769	0.00966247	0.0197641	

#ID = box_90_1_CAkGGAnw
#Score = 41.893
#W = 8
#Consensus = CAkGGAnw
0.0228758	0.943133	0.0111612	0.0228297	
0.798405	0.0124987	0.0111612	0.177935	
0.0228758	0.0124987	0.476479	0.488147	
0.0228758	0.167604	0.78669	0.0228297	
0.0228758	0.0124987	0.941796	0.0228297	
0.95351	0.0124987	0.0111612	0.0228297	
0.0228758	0.0124987	0.321373	0.643253	
0.488193	0.0124987	0.0111612	0.488147	

#ID = box_91_1_CTrTAnGA
=======
#ID = box_13_1_CTrTAnGA
>>>>>>> 324c4a2143bb3343be9594996693fd926351c916
#Score = 41.2062
#W = 8
#Consensus = CTrTAnGA
0.177982	0.788028	0.0111612	0.0228297	
0.0228758	0.0124987	0.0111612	0.953464	
0.333087	0.0124987	0.631584	0.0228297	
0.0228758	0.0124987	0.0111612	0.953464	
0.798405	0.0124987	0.166267	0.0228297	
0.643299	0.0124987	0.321373	0.0228297	
0.0228758	0.0124987	0.941796	0.0228297	
0.95351	0.0124987	0.0111612	0.0228297	

<<<<<<< HEAD
#ID = box_92_1_CATTTCwT
#Score = 37.2553
#W = 8
#Consensus = CATTTCwT
0.0198041	0.950769	0.00966247	0.0197641	
0.959753	0.0108204	0.00966247	0.0197641	
0.288361	0.0108204	0.00966247	0.691156	
0.0198041	0.0108204	0.00966247	0.959713	
0.0198041	0.0108204	0.00966247	0.959713	
0.288361	0.682212	0.00966247	0.0197641	
0.556918	0.0108204	0.00966247	0.422599	
0.0198041	0.0108204	0.00966247	0.959713	

#ID = box_93_1_CTCATTTC
#Score = 37.1406
#W = 8
#Consensus = CTCATTTC
0.0198041	0.950769	0.00966247	0.0197641	
0.0198041	0.0108204	0.00966247	0.959713	
0.0198041	0.682212	0.00966247	0.288321	
0.691196	0.0108204	0.00966247	0.288321	
0.0198041	0.0108204	0.00966247	0.959713	
0.0198041	0.0108204	0.278219	0.691156	
0.0198041	0.0108204	0.00966247	0.959713	
0.288361	0.682212	0.00966247	0.0197641	

#ID = box_94_1_nTkCCTAC
#Score = 39.6904
#W = 8
#Consensus = nTkCCTAC
0.577816	0.198373	0.19679	0.0270208	
0.210655	0.0147932	0.0132101	0.761341	
0.0270754	0.0147932	0.38037	0.577761	
0.0270754	0.932694	0.0132101	0.0270208	
0.0270754	0.932694	0.0132101	0.0270208	
