#INCLUSive Background Model v1.0
#
#The results in this file are NOT complete as long as there is no END-sign at the bottom of this file!
#Order = 2
#Organism = Ecoli
#Sequences = /home/marleen/EvgA_examples/EvgA.fnacopy
#

#snf
0.329787	0.180186	0.160904	0.329122	

#oligo frequency
0.111402
0.0520359
0.0493677
0.117405
0.0620414
0.0326918
0.0213522
0.0640425
0.0553711
0.0373611
0.0280226
0.0400292
0.100062
0.0587062
0.0627084
0.1074

#transition matrix
0.319206	0.156722	0.174776	0.349296	
0.37153	0.141263	0.141263	0.345944	
0.418531	0.175846	0.175846	0.229776	
0.289734	0.119444	0.210266	0.380556	
0.279516	0.161452	0.204385	0.354647	
0.244916	0.143228	0.163566	0.448291	
0.312169	0.281085	0.125661	0.281085	
0.291593	0.218805	0.239602	0.25	
0.373241	0.144794	0.168841	0.313124	
0.374621	0.25	0.107576	0.267803	
0.316796	0.268217	0.219638	0.195349	
0.372528	0.169723	0.152823	0.304926	
0.366534	0.160102	0.0801927	0.393171	
0.356114	0.195509	0.0807908	0.367586	
0.308405	0.24469	0.170357	0.276548	
0.30619	0.225027	0.150106	0.318677	

#END - BackgroundModel ends.
